0,0000	1,4268
0,0100	1,5387
0,0200	1,4052
0,0300	1,4306
0,0400	1,3010
0,0500	1,2565
0,0600	1,1878
0,0700	1,0187
0,0800	1,0416
0,0900	0,9348
0,1000	0,8013
0,1100	0,7327
0,1200	0,7390
0,1300	0,7009
0,1400	0,6983
0,1500	0,5915
0,1600	0,5623
0,1700	0,5636
0,1800	0,4555
0,1900	0,4669
0,2000	0,4301
0,2100	0,4364
0,2200	0,3512
0,2300	0,3843
0,2400	0,3538
0,2500	0,2406
0,2600	0,2928
0,2700	0,2673
0,2800	0,2699
0,2900	0,2546
0,3000	0,2025
0,3100	0,2165
0,3200	0,1694
0,3300	0,1707
0,3400	0,1389
0,3500	0,2076
0,3600	0,1999
0,3700	0,0957
0,3800	0,1465
0,3900	0,1465
0,4000	0,1313
0,4100	0,1160
0,4200	0,1758
0,4300	0,0779
0,4400	0,1084
0,4500	0,1020
0,4600	0,0766
0,4700	0,1084
0,4800	0,1097
0,4900	0,0830
0,5000	0,0601
0,5100	0,0703
0,5200	0,0639
0,5300	0,0525
0,5400	0,0779
0,5500	0,0499
0,5600	0,0614
0,5700	0,0525
0,5800	0,0309
0,5900	0,0703
0,6000	0,0512
0,6100	0,0385
0,6200	0,0563
0,6300	0,0436
0,6400	0,0410
0,6500	0,0436
0,6600	0,0499
0,6700	0,0245
0,6800	0,0296
0,6900	0,0283
0,7000	0,0245
0,7100	0,0499
0,7200	0,0385
0,7300	0,0245
0,7400	0,0283
0,7500	0,0487
0,7600	0,0245
0,7700	0,0436
0,7800	0,0258
0,7900	0,0359
0,8000	0,0334
0,8100	0,0270
0,8200	0,0283
0,8300	0,0410
0,8400	0,0232
0,8500	0,0258
0,8600	0,0245
0,8700	0,0321
0,8800	0,0258
0,8900	0,0372
0,9000	0,0245
0,9100	0,0296
0,9200	0,0296
0,9300	0,0232
0,9400	0,0334
0,9500	0,0245
0,9600	0,0220
0,9700	0,0207
0,9800	0,0258
0,9900	0,0309
1,0000	0,0309
1,0100	0,0296
1,0200	0,0359
1,0300	0,0321
1,0400	0,0258
1,0500	0,0296
1,0600	0,0283
1,0700	0,0258
1,0800	0,0245
1,0900	0,0194
1,1000	0,0245
1,1100	0,0245
1,1200	0,0245
1,1300	0,0156
1,1400	0,0321
1,1500	0,0372
1,1600	0,0118
1,1700	0,0131
1,1800	0,0258
1,1900	0,0156
1,2000	0,0181
1,2100	0,0398
1,2200	0,0232
1,2300	0,0245
1,2400	0,0359
1,2500	0,0156
1,2600	0,0283
1,2700	0,0359
1,2800	0,0258
1,2900	0,0385
1,3000	0,0359
1,3100	0,0372
1,3200	0,0321
1,3300	0,0347
1,3400	0,0398
1,3500	0,0550
1,3600	0,0525
1,3700	0,0448
1,3800	0,0563
1,3900	0,0487
1,4000	0,0677
1,4100	0,0512
1,4200	0,0588
1,4300	0,0677
1,4400	0,0614
1,4500	0,0652
1,4600	0,0588
1,4700	0,0359
1,4800	0,0563
1,4900	0,0181
1,5000	0,0359
1,5100	0,0588
1,5200	0,0194
1,5300	0,0385
1,5400	0,0207
1,5500	0,0232
1,5600	0,0232
1,5700	0,0283
1,5800	0,0270
1,5900	0,0118
1,6000	0,0258
1,6100	0,0080
1,6200	0,0207
1,6300	0,0105
1,6400	0,0105
1,6500	0,0118
1,6600	0,0156
1,6700	0,0194
1,6800	0,0181
1,6900	0,0143
1,7000	0,0194
1,7100	0,0181
1,7200	0,0258
1,7300	0,0131
1,7400	0,0169
1,7500	0,0092
1,7600	0,0194
1,7700	0,0207
1,7800	0,0105
1,7900	0,0080
1,8000	0,0169
1,8100	0,0232
1,8200	0,0232
1,8300	0,0169
1,8400	0,0245
1,8500	0,0194
1,8600	0,0194
1,8700	0,0270
1,8800	0,0181
1,8900	0,0156
1,9000	0,0220
1,9100	0,0143
1,9200	0,0131
1,9300	0,0169
1,9400	0,0181
1,9500	0,0118
1,9600	0,0181
1,9700	0,0181
1,9800	0,0194
1,9900	0,0232
2,0000	0,0245
2,0100	0,0143
2,0200	0,0220
2,0300	0,0080
2,0400	0,0220
2,0500	0,0207
2,0600	0,0232
2,0700	0,0181
2,0800	0,0220
2,0900	0,0169
2,1000	0,0143
2,1100	0,0118
2,1200	0,0220
2,1300	0,0270
2,1400	0,0181
2,1500	0,0270
2,1600	0,0258
2,1700	0,0156
2,1800	0,0296
2,1900	0,0270
2,2000	0,0156
2,2100	0,0181
2,2200	0,0220
2,2300	0,0105
2,2400	0,0245
2,2500	0,0156
2,2600	0,0143
2,2700	0,0220
2,2800	0,0156
2,2900	0,0181
2,3000	0,0270
2,3100	0,0220
2,3200	0,0220
2,3300	0,0118
2,3400	0,0181
2,3500	0,0220
2,3600	0,0321
2,3700	0,0207
2,3800	0,0181
2,3900	0,0143
2,4000	0,0232
2,4100	0,0143
2,4200	0,0321
2,4300	0,0270
2,4400	0,0169
2,4500	0,0143
2,4600	0,0245
2,4700	0,0270
2,4800	0,0258
2,4900	0,0105
2,5000	0,0169
2,5100	0,0181
2,5200	0,0372
2,5300	0,0143
2,5400	0,0334
2,5500	0,0258
2,5600	0,0245
2,5700	0,0296
2,5800	0,0270
2,5900	0,0270
2,6000	0,0258
2,6100	0,0309
2,6200	0,0105
2,6300	0,0359
2,6400	0,0334
2,6500	0,0410
2,6600	0,0436
2,6700	0,0270
2,6800	0,0563
2,6900	0,0423
2,7000	0,0499
2,7100	0,0817
2,7200	0,0665
2,7300	0,0639
2,7400	0,0690
2,7500	0,0690
2,7600	0,0957
2,7700	0,1033
2,7800	0,1376
2,7900	0,1631
2,8000	0,1402
2,8100	0,1656
2,8200	0,1631
2,8300	0,2406
2,8400	0,1949
2,8500	0,2495
2,8600	0,2483
2,8700	0,2114
2,8800	0,2686
2,8900	0,3118
2,9000	0,2533
2,9100	0,2559
2,9200	0,3156
2,9300	0,2114
2,9400	0,2381
2,9500	0,2533
2,9600	0,1961
2,9700	0,1109
2,9800	0,1580
2,9900	0,0741
3,0000	0,0626
3,0100	0,0626
3,0200	0,0550
3,0300	0,0194
3,0400	0,0220
3,0500	0,0181
3,0600	0,0194
3,0700	0,0080
3,0800	0,0092
3,0900	0,0245
3,1000	0,0181
3,1100	0,0156
3,1200	0,0105
3,1300	0,0156
3,1400	0,0169
3,1500	0,0207
3,1600	0,0194
3,1700	0,0131
3,1800	0,0169
3,1900	0,0194
3,2000	0,0169
3,2100	0,0207
3,2200	0,0118
3,2300	0,0156
3,2400	0,0169
3,2500	0,0080
3,2600	0,0245
3,2700	0,0080
3,2800	0,0207
3,2900	0,0156
3,3000	0,0131
3,3100	0,0220
3,3200	0,0156
3,3300	0,0143
3,3400	0,0143
3,3500	0,0080
3,3600	0,0194
3,3700	0,0156
3,3800	0,0105
3,3900	0,0194
3,4000	0,0105
3,4100	0,0169
3,4200	0,0092
3,4300	0,0169
3,4400	0,0105
3,4500	0,0169
3,4600	0,0194
3,4700	0,0131
3,4800	0,0181
3,4900	0,0118
3,5000	0,0156
3,5100	0,0220
3,5200	0,0220
3,5300	0,0194
3,5400	0,0181
3,5500	0,0181
3,5600	0,0181
3,5700	0,0156
3,5800	0,0118
3,5900	0,0220
3,6000	0,0143
3,6100	0,0181
3,6200	0,0131
3,6300	0,0181
3,6400	0,0194
3,6500	0,0143
3,6600	0,0143
3,6700	0,0169
3,6800	0,0156
3,6900	0,0118
3,7000	0,0156
3,7100	0,0181
3,7200	0,0080
3,7300	0,0156
3,7400	0,0156
3,7500	0,0143
3,7600	0,0105
3,7700	0,0207
3,7800	0,0169
3,7900	0,0194
3,8000	0,0156
3,8100	0,0118
3,8200	0,0169
3,8300	0,0131
3,8400	0,0232
3,8500	0,0194
3,8600	0,0181
3,8700	0,0105
3,8800	0,0156
3,8900	0,0169
3,9000	0,0143
3,9100	0,0181
3,9200	0,0181
3,9300	0,0092
3,9400	0,0169
3,9500	0,0181
3,9600	0,0207
3,9700	0,0181
3,9800	0,0169
3,9900	0,0131
4,0000	0,0143
4,0100	0,0143
4,0200	0,0194
4,0300	0,0220
4,0400	0,0118
4,0500	0,0131
4,0600	0,0194
4,0700	0,0181
4,0800	0,0156
4,0900	0,0169
4,1000	0,0118
4,1100	0,0156
4,1200	0,0181
4,1300	0,0143
4,1400	0,0156
4,1500	0,0118
4,1600	0,0194
4,1700	0,0207
4,1800	0,0118
4,1900	0,0143
4,2000	0,0169
4,2100	0,0092
4,2200	0,0169
4,2300	0,0143
4,2400	0,0092
4,2500	0,0181
4,2600	0,0194
4,2700	0,0181
4,2800	0,0143
4,2900	0,0169
4,3000	0,0143
4,3100	0,0156
4,3200	0,0169
4,3300	0,0156
4,3400	0,0181
4,3500	0,0169
4,3600	0,0220
4,3700	0,0105
4,3800	0,0080
4,3900	0,0181
4,4000	0,0092
4,4100	0,0131
4,4200	0,0143
4,4300	0,0220
4,4400	0,0156
4,4500	0,0131
4,4600	0,0194
4,4700	0,0156
4,4800	0,0181
4,4900	0,0143
4,5000	0,0181
4,5100	0,0156
4,5200	0,0207
4,5300	0,0156
4,5400	0,0181
4,5500	0,0232
4,5600	0,0156
4,5700	0,0143
4,5800	0,0181
4,5900	0,0207
4,6000	0,0169
4,6100	0,0220
4,6200	0,0067
4,6300	0,0131
4,6400	0,0156
4,6500	0,0194
4,6600	0,0092
4,6700	0,0194
4,6800	0,0118
4,6900	0,0156
4,7000	0,0105
4,7100	0,0207
4,7200	0,0181
4,7300	0,0194
4,7400	0,0143
4,7500	0,0220
4,7600	0,0080
4,7700	0,0220
4,7800	0,0169
4,7900	0,0232
4,8000	0,0143
4,8100	0,0131
4,8200	0,0207
4,8300	0,0181
4,8400	0,0169
4,8500	0,0156
4,8600	0,0220
4,8700	0,0194
4,8800	0,0194
4,8900	0,0194
4,9000	0,0207
4,9100	0,0143
4,9200	0,0156
4,9300	0,0156
4,9400	0,0232
4,9500	0,0181
4,9600	0,0169
4,9700	0,0181
4,9800	0,0207
4,9900	0,0181
5,0000	0,0232
5,0100	0,0258
5,0200	0,0131
5,0300	0,0105
5,0400	0,0131
5,0500	0,0143
5,0600	0,0169
5,0700	0,0131
5,0800	0,0169
5,0900	0,0194
5,1000	0,0181
5,1100	0,0181
5,1200	0,0143
5,1300	0,0131
5,1400	0,0131
5,1500	0,0131
5,1600	0,0105
5,1700	0,0207
5,1800	0,0220
5,1900	0,0207
5,2000	0,0194
5,2100	0,0181
5,2200	0,0143
5,2300	0,0156
5,2400	0,0105
5,2500	0,0156
5,2600	0,0143
5,2700	0,0131
5,2800	0,0207
5,2900	0,0092
5,3000	0,0156
5,3100	0,0131
5,3200	0,0131
5,3300	0,0131
5,3400	0,0194
5,3500	0,0156
5,3600	0,0067
5,3700	0,0207
5,3800	0,0169
5,3900	0,0131
5,4000	0,0232
5,4100	0,0131
5,4200	0,0143
5,4300	0,0169
5,4400	0,0118
5,4500	0,0105
5,4600	0,0143
5,4700	0,0181
5,4800	0,0156
5,4900	0,0169
5,5000	0,0143
5,5100	0,0143
5,5200	0,0194
5,5300	0,0207
5,5400	0,0105
5,5500	0,0156
5,5600	0,0194
5,5700	0,0105
5,5800	0,0194
5,5900	0,0105
5,6000	0,0245
5,6100	0,0131
5,6200	0,0207
5,6300	0,0105
5,6400	0,0194
5,6500	0,0207
5,6600	0,0131
5,6700	0,0220
5,6800	0,0143
5,6900	0,0181
5,7000	0,0143
5,7100	0,0143
5,7200	0,0156
5,7300	0,0156
5,7400	0,0207
5,7500	0,0156
5,7600	0,0169
5,7700	0,0220
5,7800	0,0118
5,7900	0,0194
5,8000	0,0156
5,8100	0,0181
5,8200	0,0143
5,8300	0,0131
5,8400	0,0181
5,8500	0,0092
5,8600	0,0156
5,8700	0,0220
5,8800	0,0105
5,8900	0,0169
5,9000	0,0118
5,9100	0,0169
5,9200	0,0207
5,9300	0,0194
5,9400	0,0105
5,9500	0,0156
5,9600	0,0143
5,9700	0,0181
5,9800	0,0207
5,9900	0,0092
6,0000	0,0143
6,0100	0,0169
6,0200	0,0207
6,0300	0,0143
6,0400	0,0156
6,0500	0,0131
6,0600	0,0220
6,0700	0,0118
6,0800	0,0156
6,0900	0,0181
6,1000	0,0143
6,1100	0,0207
6,1200	0,0194
6,1300	0,0220
6,1400	0,0194
6,1500	0,0207
6,1600	0,0105
6,1700	0,0143
6,1800	0,0156
6,1900	0,0092
6,2000	0,0258
6,2100	0,0143
6,2200	0,0118
6,2300	0,0181
6,2400	0,0169
6,2500	0,0181
6,2600	0,0207
6,2700	0,0131
6,2800	0,0105
6,2900	0,0156
6,3000	0,0194
6,3100	0,0194
6,3200	0,0156
6,3300	0,0131
6,3400	0,0194
6,3500	0,0131
6,3600	0,0131
6,3700	0,0194
6,3800	0,0207
6,3900	0,0156
6,4000	0,0156
6,4100	0,0092
6,4200	0,0156
6,4300	0,0220
6,4400	0,0194
6,4500	0,0169
6,4600	0,0156
6,4700	0,0092
6,4800	0,0181
6,4900	0,0080
6,5000	0,0194
6,5100	0,0169
6,5200	0,0092
6,5300	0,0181
6,5400	0,0131
6,5500	0,0181
6,5600	0,0118
6,5700	0,0169
6,5800	0,0207
6,5900	0,0169
6,6000	0,0105
6,6100	0,0092
6,6200	0,0181
6,6300	0,0169
6,6400	0,0207
6,6500	0,0181
6,6600	0,0105
6,6700	0,0118
6,6800	0,0105
6,6900	0,0131
6,7000	0,0105
6,7100	0,0207
6,7200	0,0118
6,7300	0,0143
6,7400	0,0118
6,7500	0,0194
6,7600	0,0131
6,7700	0,0156
6,7800	0,0169
6,7900	0,0143
6,8000	0,0232
6,8100	0,0207
6,8200	0,0207
6,8300	0,0194
6,8400	0,0131
6,8500	0,0194
6,8600	0,0131
6,8700	0,0181
6,8800	0,0169
6,8900	0,0220
6,9000	0,0156
6,9100	0,0207
6,9200	0,0156
6,9300	0,0105
6,9400	0,0194
6,9500	0,0181
6,9600	0,0220
6,9700	0,0220
6,9800	0,0143
6,9900	0,0131
7,0000	0,0169
7,0100	0,0156
7,0200	0,0207
7,0300	0,0181
7,0400	0,0207
7,0500	0,0207
7,0600	0,0105
7,0700	0,0143
7,0800	0,0143
7,0900	0,0143
7,1000	0,0105
7,1100	0,0143
7,1200	0,0232
7,1300	0,0143
7,1400	0,0143
7,1500	0,0181
7,1600	0,0156
7,1700	0,0092
7,1800	0,0194
7,1900	0,0207
7,2000	0,0220
7,2100	0,0245
7,2200	0,0143
7,2300	0,0194
7,2400	0,0181
7,2500	0,0131
7,2600	0,0156
7,2700	0,0118
7,2800	0,0105
7,2900	0,0143
7,3000	0,0232
7,3100	0,0194
7,3200	0,0169
7,3300	0,0105
7,3400	0,0220
7,3500	0,0220
7,3600	0,0194
7,3700	0,0169
7,3800	0,0156
7,3900	0,0245
7,4000	0,0169
7,4100	0,0181
7,4200	0,0131
7,4300	0,0181
7,4400	0,0169
7,4500	0,0169
7,4600	0,0207
7,4700	0,0105
7,4800	0,0118
7,4900	0,0092
7,5000	0,0181
7,5100	0,0092
7,5200	0,0207
7,5300	0,0156
7,5400	0,0080
7,5500	0,0131
7,5600	0,0105
7,5700	0,0092
7,5800	0,0169
7,5900	0,0207
7,6000	0,0143
7,6100	0,0181
7,6200	0,0080
7,6300	0,0169
7,6400	0,0283
7,6500	0,0143
7,6600	0,0207
7,6700	0,0118
7,6800	0,0092
7,6900	0,0181
7,7000	0,0118
7,7100	0,0220
7,7200	0,0169
7,7300	0,0080
7,7400	0,0067
7,7500	0,0207
7,7600	0,0169
7,7700	0,0220
7,7800	0,0131
7,7900	0,0105
7,8000	0,0131
7,8100	0,0156
7,8200	0,0232
7,8300	0,0067
7,8400	0,0220
7,8500	0,0080
7,8600	0,0067
7,8700	0,0169
7,8800	0,0169
7,8900	0,0156
7,9000	0,0194
7,9100	0,0194
7,9200	0,0067
7,9300	0,0194
7,9400	0,0181
7,9500	0,0143
7,9600	0,0131
7,9700	0,0232
7,9800	0,0169
7,9900	0,0181
8,0000	0,0080
8,0100	0,0067
8,0200	0,0258
8,0300	0,0131
8,0400	0,0207
8,0500	0,0105
8,0600	0,0181
8,0700	0,0156
8,0800	0,0181
8,0900	0,0258
8,1000	0,0181
8,1100	0,0194
8,1200	0,0105
8,1300	0,0156
8,1400	0,0118
8,1500	0,0118
8,1600	0,0169
8,1700	0,0207
8,1800	0,0245
8,1900	0,0181
8,2000	0,0105
8,2100	0,0169
8,2200	0,0156
8,2300	0,0194
8,2400	0,0181
8,2500	0,0245
8,2600	0,0156
8,2700	0,0105
8,2800	0,0143
8,2900	0,0156
8,3000	0,0105
8,3100	0,0156
8,3200	0,0118
8,3300	0,0118
8,3400	0,0118
8,3500	0,0207
8,3600	0,0194
8,3700	0,0258
8,3800	0,0143
8,3900	0,0156
8,4000	0,0080
8,4100	0,0143
8,4200	0,0156
8,4300	0,0156
8,4400	0,0131
8,4500	0,0258
8,4600	0,0131
8,4700	0,0105
8,4800	0,0220
8,4900	0,0194
8,5000	0,0194
8,5100	0,0181
8,5200	0,0181
8,5300	0,0258
8,5400	0,0143
8,5500	0,0054
8,5600	0,0118
8,5700	0,0169
8,5800	0,0258
8,5900	0,0156
8,6000	0,0118
8,6100	0,0143
8,6200	0,0181
8,6300	0,0181
8,6400	0,0105
8,6500	0,0131
8,6600	0,0207
8,6700	0,0194
8,6800	0,0194
8,6900	0,0143
8,7000	0,0143
8,7100	0,0194
8,7200	0,0220
8,7300	0,0118
8,7400	0,0092
8,7500	0,0080
8,7600	0,0080
8,7700	0,0143
8,7800	0,0143
8,7900	0,0207
8,8000	0,0118
8,8100	0,0143
8,8200	0,0270
8,8300	0,0207
8,8400	0,0143
8,8500	0,0194
8,8600	0,0207
8,8700	0,0207
8,8800	0,0207
8,8900	0,0118
8,9000	0,0156
8,9100	0,0169
8,9200	0,0105
8,9300	0,0118
8,9400	0,0194
8,9500	0,0181
8,9600	0,0143
8,9700	0,0143
8,9800	0,0156
8,9900	0,0118
9,0000	0,0080
9,0100	0,0232
9,0200	0,0169
9,0300	0,0207
9,0400	0,0207
9,0500	0,0169
9,0600	0,0194
9,0700	0,0169
9,0800	0,0156
9,0900	0,0118
9,1000	0,0080
9,1100	0,0220
9,1200	0,0131
9,1300	0,0220
9,1400	0,0118
9,1500	0,0143
9,1600	0,0207
9,1700	0,0118
9,1800	0,0194
9,1900	0,0105
9,2000	0,0207
9,2100	0,0283
9,2200	0,0118
9,2300	0,0131
9,2400	0,0270
9,2500	0,0207
9,2600	0,0232
9,2700	0,0080
9,2800	0,0118
9,2900	0,0270
9,3000	0,0207
9,3100	0,0105
9,3200	0,0131
9,3300	0,0220
9,3400	0,0118
9,3500	0,0181
9,3600	0,0245
9,3700	0,0131
9,3800	0,0169
9,3900	0,0258
9,4000	0,0118
9,4100	0,0156
9,4200	0,0245
9,4300	0,0258
9,4400	0,0156
9,4500	0,0245
9,4600	0,0131
9,4700	0,0118
9,4800	0,0156
9,4900	0,0131
9,5000	0,0181
9,5100	0,0156
9,5200	0,0156
9,5300	0,0169
9,5400	0,0181
9,5500	0,0156
9,5600	0,0181
9,5700	0,0143
9,5800	0,0131
9,5900	0,0118
9,6000	0,0207
9,6100	0,0143
9,6200	0,0118
9,6300	0,0131
9,6400	0,0118
9,6500	0,0156
9,6600	0,0220
9,6700	0,0092
9,6800	0,0131
9,6900	0,0169
9,7000	0,0169
9,7100	0,0169
9,7200	0,0245
9,7300	0,0131
9,7400	0,0207
9,7500	0,0220
9,7600	0,0118
9,7700	0,0105
9,7800	0,0207
9,7900	0,0181
9,8000	0,0169
9,8100	0,0194
9,8200	0,0258
9,8300	0,0181
9,8400	0,0143
9,8500	0,0156
9,8600	0,0118
9,8700	0,0181
9,8800	0,0080
9,8900	0,0143
9,9000	0,0220
9,9100	0,0092
9,9200	0,0131
9,9300	0,0143
9,9400	0,0169
9,9500	0,0194
9,9600	0,0118
9,9700	0,0131
9,9800	0,0181
9,9900	0,0169
10,0000	0,0131
10,0100	0,0245
10,0200	0,0194
10,0300	0,0143
10,0400	0,0245
10,0500	0,0092
10,0600	0,0143
10,0700	0,0169
10,0800	0,0143
10,0900	0,0105
10,1000	0,0181
10,1100	0,0245
10,1200	0,0283
10,1300	0,0118
10,1400	0,0143
10,1500	0,0270
10,1600	0,0105
10,1700	0,0118
10,1800	0,0131
10,1900	0,0169
10,2000	0,0143
10,2100	0,0232
10,2200	0,0207
10,2300	0,0118
10,2400	0,0131
10,2500	0,0194
10,2600	0,0092
10,2700	0,0131
10,2800	0,0181
10,2900	0,0156
10,3000	0,0194
10,3100	0,0194
10,3200	0,0258
10,3300	0,0232
10,3400	0,0131
10,3500	0,0207
10,3600	0,0156
10,3700	0,0156
10,3800	0,0118
10,3900	0,0143
10,4000	0,0169
10,4100	0,0118
10,4200	0,0080
10,4300	0,0207
10,4400	0,0156
10,4500	0,0181
10,4600	0,0143
10,4700	0,0220
10,4800	0,0169
10,4900	0,0156
10,5000	0,0207
10,5100	0,0080
10,5200	0,0169
10,5300	0,0143
10,5400	0,0156
10,5500	0,0207
10,5600	0,0143
10,5700	0,0143
10,5800	0,0270
10,5900	0,0131
10,6000	0,0270
10,6100	0,0080
10,6200	0,0207
10,6300	0,0131
10,6400	0,0143
10,6500	0,0169
10,6600	0,0207
10,6700	0,0232
10,6800	0,0245
10,6900	0,0080
10,7000	0,0232
10,7100	0,0156
10,7200	0,0118
10,7300	0,0181
10,7400	0,0131
10,7500	0,0181
10,7600	0,0194
10,7700	0,0143
10,7800	0,0131
10,7900	0,0270
10,8000	0,0169
10,8100	0,0131
10,8200	0,0169
10,8300	0,0283
10,8400	0,0194
10,8500	0,0181
10,8600	0,0143
10,8700	0,0143
10,8800	0,0131
10,8900	0,0118
10,9000	0,0181
10,9100	0,0220
10,9200	0,0181
10,9300	0,0181
10,9400	0,0207
10,9500	0,0143
10,9600	0,0194
10,9700	0,0131
10,9800	0,0105
10,9900	0,0131
11,0000	0,0131
11,0100	0,0181
11,0200	0,0181
11,0300	0,0207
11,0400	0,0258
11,0500	0,0067
11,0600	0,0181
11,0700	0,0169
11,0800	0,0194
11,0900	0,0156
11,1000	0,0156
11,1100	0,0143
11,1200	0,0169
11,1300	0,0194
11,1400	0,0194
11,1500	0,0232
11,1600	0,0232
11,1700	0,0042
11,1800	0,0220
11,1900	0,0131
11,2000	0,0207
11,2100	0,0131
11,2200	0,0169
11,2300	0,0156
11,2400	0,0220
11,2500	0,0067
11,2600	0,0143
11,2700	0,0181
11,2800	0,0118
11,2900	0,0092
11,3000	0,0131
11,3100	0,0220
11,3200	0,0194
11,3300	0,0156
11,3400	0,0156
11,3500	0,0118
11,3600	0,0105
11,3700	0,0143
11,3800	0,0207
11,3900	0,0143
11,4000	0,0156
11,4100	0,0080
11,4200	0,0207
11,4300	0,0232
11,4400	0,0105
11,4500	0,0194
11,4600	0,0131
11,4700	0,0105
11,4800	0,0220
11,4900	0,0118
11,5000	0,0220
11,5100	0,0194
11,5200	0,0207
11,5300	0,0181
11,5400	0,0232
11,5500	0,0105
11,5600	0,0131
11,5700	0,0232
11,5800	0,0194
11,5900	0,0118
11,6000	0,0181
11,6100	0,0181
11,6200	0,0220
11,6300	0,0080
11,6400	0,0194
11,6500	0,0143
11,6600	0,0118
11,6700	0,0181
11,6800	0,0118
11,6900	0,0105
11,7000	0,0169
11,7100	0,0143
11,7200	0,0194
11,7300	0,0194
11,7400	0,0105
11,7500	0,0156
11,7600	0,0105
11,7700	0,0194
11,7800	0,0105
11,7900	0,0207
11,8000	0,0080
11,8100	0,0194
11,8200	0,0143
11,8300	0,0181
11,8400	0,0220
11,8500	0,0181
11,8600	0,0194
11,8700	0,0270
11,8800	0,0194
11,8900	0,0194
11,9000	0,0067
11,9100	0,0194
11,9200	0,0245
11,9300	0,0105
11,9400	0,0118
11,9500	0,0258
11,9600	0,0105
11,9700	0,0143
11,9800	0,0156
11,9900	0,0143
12,0000	0,0143
12,0100	0,0270
12,0200	0,0054
12,0300	0,0207
12,0400	0,0194
12,0500	0,0131
12,0600	0,0118
12,0700	0,0143
12,0800	0,0118
12,0900	0,0194
12,1000	0,0092
12,1100	0,0118
12,1200	0,0181
12,1300	0,0143
12,1400	0,0169
12,1500	0,0181
12,1600	0,0156
12,1700	0,0194
12,1800	0,0118
12,1900	0,0143
12,2000	0,0207
12,2100	0,0118
12,2200	0,0092
12,2300	0,0194
12,2400	0,0131
12,2500	0,0232
12,2600	0,0220
12,2700	0,0156
12,2800	0,0220
12,2900	0,0105
12,3000	0,0207
12,3100	0,0207
12,3200	0,0143
12,3300	0,0118
12,3400	0,0131
12,3500	0,0207
12,3600	0,0194
12,3700	0,0270
12,3800	0,0194
12,3900	0,0143
12,4000	0,0156
12,4100	0,0258
12,4200	0,0080
12,4300	0,0232
12,4400	0,0169
12,4500	0,0156
12,4600	0,0156
12,4700	0,0270
12,4800	0,0118
12,4900	0,0169
12,5000	0,0169
12,5100	0,0270
12,5200	0,0194
12,5300	0,0220
12,5400	0,0067
12,5500	0,0169
12,5600	0,0169
12,5700	0,0080
12,5800	0,0194
12,5900	0,0181
12,6000	0,0131
12,6100	0,0207
12,6200	0,0118
12,6300	0,0194
12,6400	0,0156
12,6500	0,0181
12,6600	0,0181
12,6700	0,0143
12,6800	0,0194
12,6900	0,0143
12,7000	0,0194
12,7100	0,0220
12,7200	0,0131
12,7300	0,0156
12,7400	0,0131
12,7500	0,0207
12,7600	0,0194
12,7700	0,0220
12,7800	0,0131
12,7900	0,0220
12,8000	0,0143
12,8100	0,0131
12,8200	0,0220
12,8300	0,0207
12,8400	0,0118
12,8500	0,0143
12,8600	0,0131
12,8700	0,0118
12,8800	0,0156
12,8900	0,0181
12,9000	0,0207
12,9100	0,0245
12,9200	0,0220
12,9300	0,0194
12,9400	0,0283
12,9500	0,0080
12,9600	0,0207
12,9700	0,0169
12,9800	0,0194
12,9900	0,0156
13,0000	0,0143
13,0100	0,0169
13,0200	0,0131
13,0300	0,0156
13,0400	0,0092
13,0500	0,0105
13,0600	0,0080
13,0700	0,0067
13,0800	0,0232
13,0900	0,0181
13,1000	0,0207
13,1100	0,0181
13,1200	0,0131
13,1300	0,0118
13,1400	0,0181
13,1500	0,0194
13,1600	0,0118
13,1700	0,0156
13,1800	0,0143
13,1900	0,0207
13,2000	0,0169
13,2100	0,0169
13,2200	0,0105
13,2300	0,0156
13,2400	0,0207
13,2500	0,0143
13,2600	0,0194
13,2700	0,0156
13,2800	0,0092
13,2900	0,0067
13,3000	0,0080
13,3100	0,0143
13,3200	0,0131
13,3300	0,0207
13,3400	0,0194
13,3500	0,0118
13,3600	0,0143
13,3700	0,0181
13,3800	0,0207
13,3900	0,0220
13,4000	0,0181
13,4100	0,0181
13,4200	0,0067
13,4300	0,0169
13,4400	0,0169
13,4500	0,0118
13,4600	0,0258
13,4700	0,0143
13,4800	0,0232
13,4900	0,0156
13,5000	0,0220
13,5100	0,0067
13,5200	0,0105
13,5300	0,0105
13,5400	0,0131
13,5500	0,0169
13,5600	0,0220
13,5700	0,0131
13,5800	0,0131
13,5900	0,0092
13,6000	0,0143
13,6100	0,0080
13,6200	0,0194
13,6300	0,0169
13,6400	0,0194
13,6500	0,0131
13,6600	0,0207
13,6700	0,0169
13,6800	0,0194
13,6900	0,0220
13,7000	0,0207
13,7100	0,0207
13,7200	0,0270
13,7300	0,0232
13,7400	0,0181
13,7500	0,0080
13,7600	0,0181
13,7700	0,0131
13,7800	0,0092
13,7900	0,0220
13,8000	0,0220
13,8100	0,0143
13,8200	0,0156
13,8300	0,0131
13,8400	0,0194
13,8500	0,0105
13,8600	0,0181
13,8700	0,0118
13,8800	0,0194
13,8900	0,0194
13,9000	0,0169
13,9100	0,0131
13,9200	0,0181
13,9300	0,0092
13,9400	0,0220
13,9500	0,0181
13,9600	0,0131
13,9700	0,0181
13,9800	0,0245
13,9900	0,0131
14,0000	0,0169
14,0100	0,0092
14,0200	0,0194
14,0300	0,0169
14,0400	0,0181
14,0500	0,0207
14,0600	0,0143
14,0700	0,0169
14,0800	0,0169
14,0900	0,0080
14,1000	0,0156
14,1100	0,0181
14,1200	0,0143
14,1300	0,0220
14,1400	0,0143
14,1500	0,0143
14,1600	0,0181
14,1700	0,0156
14,1800	0,0118
14,1900	0,0181
14,2000	0,0105
14,2100	0,0232
14,2200	0,0270
14,2300	0,0207
14,2400	0,0143
14,2500	0,0156
14,2600	0,0194
14,2700	0,0156
14,2800	0,0143
14,2900	0,0181
14,3000	0,0080
14,3100	0,0232
14,3200	0,0131
14,3300	0,0067
14,3400	0,0105
14,3500	0,0156
14,3600	0,0092
14,3700	0,0156
14,3800	0,0169
14,3900	0,0220
14,4000	0,0131
14,4100	0,0220
14,4200	0,0131
14,4300	0,0143
14,4400	0,0220
14,4500	0,0283
14,4600	0,0042
14,4700	0,0258
14,4800	0,0054
14,4900	0,0194
14,5000	0,0194
14,5100	0,0207
14,5200	0,0181
14,5300	0,0105
14,5400	0,0105
14,5500	0,0067
14,5600	0,0118
14,5700	0,0245
14,5800	0,0092
14,5900	0,0067
14,6000	0,0169
14,6100	0,0131
14,6200	0,0181
14,6300	0,0181
14,6400	0,0105
14,6500	0,0092
14,6600	0,0105
14,6700	0,0156
14,6800	0,0169
14,6900	0,0232
14,7000	0,0156
14,7100	0,0270
14,7200	0,0169
14,7300	0,0054
14,7400	0,0156
14,7500	0,0054
14,7600	0,0232
14,7700	0,0143
14,7800	0,0194
14,7900	0,0118
14,8000	0,0131
14,8100	0,0181
14,8200	0,0118
14,8300	0,0194
14,8400	0,0207
14,8500	0,0143
14,8600	0,0207
14,8700	0,0092
14,8800	0,0092
14,8900	0,0258
14,9000	0,0258
14,9100	0,0156
14,9200	0,0092
14,9300	0,0118
14,9400	0,0156
14,9500	0,0131
14,9600	0,0283
14,9700	0,0143
14,9800	0,0220
14,9900	0,0283
15,0000	0,0156
15,0100	0,0232
15,0200	0,0283
15,0300	0,0220
15,0400	0,0169
15,0500	0,0080
15,0600	0,0194
15,0700	0,0092
15,0800	0,0207
15,0900	0,0143
15,1000	0,0181
15,1100	0,0080
15,1200	0,0169
15,1300	0,0283
15,1400	0,0169
15,1500	0,0118
15,1600	0,0156
15,1700	0,0067
15,1800	0,0207
15,1900	0,0131
15,2000	0,0054
15,2100	0,0169
15,2200	0,0194
15,2300	0,0169
15,2400	0,0169
15,2500	0,0258
15,2600	0,0156
15,2700	0,0181
15,2800	0,0194
15,2900	0,0258
15,3000	0,0181
15,3100	0,0092
15,3200	0,0118
15,3300	0,0194
15,3400	0,0220
15,3500	0,0181
15,3600	0,0232
15,3700	0,0270
15,3800	0,0118
15,3900	0,0105
15,4000	0,0131
15,4100	0,0105
15,4200	0,0080
15,4300	0,0181
15,4400	0,0156
15,4500	0,0105
15,4600	0,0131
15,4700	0,0105
15,4800	0,0232
15,4900	0,0092
15,5000	0,0131
15,5100	0,0131
15,5200	0,0156
15,5300	0,0232
15,5400	0,0118
15,5500	0,0194
15,5600	0,0181
15,5700	0,0232
15,5800	0,0143
15,5900	0,0181
15,6000	0,0118
15,6100	0,0220
15,6200	0,0143
15,6300	0,0232
15,6400	0,0207
15,6500	0,0232
15,6600	0,0143
15,6700	0,0042
15,6800	0,0080
15,6900	0,0181
15,7000	0,0232
15,7100	0,0156
15,7200	0,0181
15,7300	0,0232
15,7400	0,0181
15,7500	0,0283
15,7600	0,0156
15,7700	0,0194
15,7800	0,0067
15,7900	0,0169
15,8000	0,0105
15,8100	0,0118
15,8200	0,0181
15,8300	0,0169
15,8400	0,0067
15,8500	0,0258
15,8600	0,0156
15,8700	0,0169
15,8800	0,0220
15,8900	0,0080
15,9000	0,0245
15,9100	0,0143
15,9200	0,0194
15,9300	0,0169
15,9400	0,0232
15,9500	0,0194
15,9600	0,0067
15,9700	0,0080
15,9800	0,0181
15,9900	0,0080
16,0000	0,0131
16,0100	0,0156
16,0200	0,0270
16,0300	0,0143
16,0400	0,0143
16,0500	0,0194
16,0600	0,0207
16,0700	0,0220
16,0800	0,0220
16,0900	0,0080
16,1000	0,0156
16,1100	0,0156
16,1200	0,0245
16,1300	0,0156
16,1400	0,0092
16,1500	0,0105
16,1600	0,0194
16,1700	0,0143
16,1800	0,0207
16,1900	0,0118
16,2000	0,0220
16,2100	0,0131
16,2200	0,0207
16,2300	0,0131
16,2400	0,0245
16,2500	0,0105
16,2600	0,0143
16,2700	0,0118
16,2800	0,0194
16,2900	0,0194
16,3000	0,0156
16,3100	0,0118
16,3200	0,0143
16,3300	0,0054
16,3400	0,0156
16,3500	0,0118
16,3600	0,0181
16,3700	0,0118
16,3800	0,0080
16,3900	0,0143
16,4000	0,0169
16,4100	0,0194
16,4200	0,0181
16,4300	0,0169
16,4400	0,0143
16,4500	0,0169
16,4600	0,0207
16,4700	0,0194
16,4800	0,0245
16,4900	0,0156
16,5000	0,0156
16,5100	0,0194
16,5200	0,0131
16,5300	0,0105
16,5400	0,0194
16,5500	0,0118
16,5600	0,0194
16,5700	0,0283
16,5800	0,0092
16,5900	0,0067
16,6000	0,0105
16,6100	0,0156
16,6200	0,0207
16,6300	0,0092
16,6400	0,0016
16,6500	0,0118
16,6600	0,0220
16,6700	0,0169
16,6800	0,0156
16,6900	0,0169
16,7000	0,0181
16,7100	0,0143
16,7200	0,0080
16,7300	0,0118
16,7400	0,0169
16,7500	0,0194
16,7600	0,0220
16,7700	0,0169
16,7800	0,0092
16,7900	0,0232
16,8000	0,0245
16,8100	0,0131
16,8200	0,0270
16,8300	0,0080
16,8400	0,0181
16,8500	0,0220
16,8600	0,0118
16,8700	0,0118
16,8800	0,0181
16,8900	0,0131
16,9000	0,0156
16,9100	0,0245
16,9200	0,0143
16,9300	0,0054
16,9400	0,0080
16,9500	0,0169
16,9600	0,0169
16,9700	0,0131
16,9800	0,0080
16,9900	0,0194
17,0000	0,0220
17,0100	0,0131
17,0200	0,0169
17,0300	0,0067
17,0400	0,0105
17,0500	0,0092
17,0600	0,0232
17,0700	0,0131
17,0800	0,0156
17,0900	0,0143
17,1000	0,0080
17,1100	0,0105
17,1200	0,0181
17,1300	0,0181
17,1400	0,0194
17,1500	0,0092
17,1600	0,0232
17,1700	0,0118
17,1800	0,0156
17,1900	0,0118
17,2000	0,0143
17,2100	0,0042
17,2200	0,0054
17,2300	0,0143
17,2400	0,0207
17,2500	0,0207
17,2600	0,0181
17,2700	0,0143
17,2800	0,0245
17,2900	0,0245
17,3000	0,0207
17,3100	0,0156
17,3200	0,0232
17,3300	0,0232
17,3400	0,0220
17,3500	0,0067
17,3600	0,0232
17,3700	0,0054
17,3800	0,0067
17,3900	0,0169
17,4000	0,0054
17,4100	0,0156
17,4200	0,0232
17,4300	0,0181
17,4400	0,0258
17,4500	0,0067
17,4600	0,0143
17,4700	0,0105
17,4800	0,0194
17,4900	0,0181
17,5000	0,0105
17,5100	0,0080
17,5200	0,0131
17,5300	0,0118
17,5400	0,0156
17,5500	0,0220
17,5600	0,0080
17,5700	0,0181
17,5800	0,0207
17,5900	0,0220
17,6000	0,0054
17,6100	0,0118
17,6200	0,0131
17,6300	0,0143
17,6400	0,0118
17,6500	0,0169
17,6600	0,0181
17,6700	0,0143
17,6800	0,0169
17,6900	0,0169
17,7000	0,0092
17,7100	0,0131
17,7200	0,0080
17,7300	0,0169
17,7400	0,0220
17,7500	0,0207
17,7600	0,0118
17,7700	0,0169
17,7800	0,0245
17,7900	0,0131
17,8000	0,0232
17,8100	0,0067
17,8200	0,0270
17,8300	0,0245
17,8400	0,0181
17,8500	0,0232
17,8600	0,0131
17,8700	0,0131
17,8800	0,0105
17,8900	0,0118
17,9000	0,0207
17,9100	0,0220
17,9200	0,0220
17,9300	0,0245
17,9400	0,0143
17,9500	0,0181
17,9600	0,0143
17,9700	0,0220
17,9800	0,0156
17,9900	0,0169
18,0000	0,0181
18,0100	0,0080
18,0200	0,0143
18,0300	0,0270
18,0400	0,0181
18,0500	0,0092
18,0600	0,0169
18,0700	0,0181
18,0800	0,0207
18,0900	0,0156
18,1000	0,0105
18,1100	0,0156
18,1200	0,0080
18,1300	0,0207
18,1400	0,0181
18,1500	0,0042
18,1600	0,0194
18,1700	0,0131
18,1800	0,0181
18,1900	0,0181
18,2000	0,0181
18,2100	0,0169
18,2200	0,0283
18,2300	0,0118
18,2400	0,0309
18,2500	0,0131
18,2600	0,0220
18,2700	0,0169
18,2800	0,0207
18,2900	0,0105
18,3000	0,0181
18,3100	0,0232
18,3200	0,0143
18,3300	0,0194
18,3400	0,0067
18,3500	0,0207
18,3600	0,0054
18,3700	0,0118
18,3800	0,0105
18,3900	0,0067
18,4000	0,0258
18,4100	0,0105
18,4200	0,0181
18,4300	0,0169
18,4400	0,0220
18,4500	0,0118
18,4600	0,0143
18,4700	0,0194
18,4800	0,0207
18,4900	0,0156
18,5000	0,0169
18,5100	0,0207
18,5200	0,0232
18,5300	0,0118
18,5400	0,0181
18,5500	0,0270
18,5600	0,0207
18,5700	0,0118
18,5800	0,0131
18,5900	0,0169
18,6000	0,0105
18,6100	0,0143
18,6200	0,0067
18,6300	0,0194
18,6400	0,0131
18,6500	0,0220
18,6600	0,0131
18,6700	0,0258
18,6800	0,0283
18,6900	0,0220
18,7000	0,0105
18,7100	0,0131
18,7200	0,0118
18,7300	0,0169
18,7400	0,0258
18,7500	0,0194
18,7600	0,0194
18,7700	0,0080
18,7800	0,0143
18,7900	0,0105
18,8000	0,0118
18,8100	0,0131
18,8200	0,0232
18,8300	0,0131
18,8400	0,0118
18,8500	0,0270
18,8600	0,0143
18,8700	0,0220
18,8800	0,0131
18,8900	0,0054
18,9000	0,0105
18,9100	0,0143
18,9200	0,0220
18,9300	0,0232
18,9400	0,0118
18,9500	0,0194
18,9600	0,0105
18,9700	0,0143
18,9800	0,0143
18,9900	0,0156
19,0000	0,0156
19,0100	0,0042
19,0200	0,0042
19,0300	0,0092
19,0400	0,0207
19,0500	0,0105
19,0600	0,0194
19,0700	0,0131
19,0800	0,0080
19,0900	0,0118
19,1000	0,0054
19,1100	0,0169
19,1200	0,0080
19,1300	0,0054
19,1400	0,0169
19,1500	0,0232
19,1600	0,0232
19,1700	0,0283
19,1800	0,0220
19,1900	0,0118
19,2000	0,0169
19,2100	0,0143
19,2200	0,0105
19,2300	0,0207
19,2400	0,0092
19,2500	0,0207
19,2600	0,0131
19,2700	0,0092
19,2800	0,0169
19,2900	0,0181
19,3000	0,0054
19,3100	0,0245
19,3200	0,0194
19,3300	0,0143
19,3400	0,0067
19,3500	0,0118
19,3600	0,0131
19,3700	0,0232
19,3800	0,0207
19,3900	0,0143
19,4000	0,0080
19,4100	0,0105
19,4200	0,0169
19,4300	0,0169
19,4400	0,0207
19,4500	0,0105
19,4600	0,0220
19,4700	0,0207
19,4800	0,0207
19,4900	0,0207
19,5000	0,0080
19,5100	0,0169
19,5200	0,0169
19,5300	0,0232
19,5400	0,0207
19,5500	0,0194
19,5600	0,0194
19,5700	0,0080
19,5800	0,0245
19,5900	0,0245
19,6000	0,0169
19,6100	0,0194
19,6200	0,0181
19,6300	0,0143
19,6400	0,0054
19,6500	0,0194
19,6600	0,0245
19,6700	0,0156
19,6800	0,0067
19,6900	0,0181
19,7000	0,0220
19,7100	0,0131
19,7200	0,0181
19,7300	0,0143
19,7400	0,0131
19,7500	0,0105
19,7600	0,0143
19,7700	0,0143
19,7800	0,0131
19,7900	0,0181
19,8000	0,0131
19,8100	0,0169
19,8200	0,0131
19,8300	0,0092
19,8400	0,0207
19,8500	0,0143
19,8600	0,0258
19,8700	0,0169
19,8800	0,0156
19,8900	0,0131
19,9000	0,0143
19,9100	0,0105
19,9200	0,0131
19,9300	0,0270
19,9400	0,0169
19,9500	0,0245
19,9600	0,0296
19,9700	0,0207
19,9800	0,0143
19,9900	0,0194
20,0000	0,0245
20,0100	0,0118
20,0200	0,0067
20,0300	0,0054
20,0400	0,0169
20,0500	0,0131
20,0600	0,0156
20,0700	0,0181
20,0800	0,0080
20,0900	0,0181
20,1000	0,0283
20,1100	0,0143
20,1200	0,0131
20,1300	0,0092
20,1400	0,0118
20,1500	0,0220
20,1600	0,0283
20,1700	0,0220
20,1800	0,0194
20,1900	0,0042
20,2000	0,0131
20,2100	0,0169
20,2200	0,0131
20,2300	0,0169
20,2400	0,0283
20,2500	0,0143
20,2600	0,0143
20,2700	0,0220
20,2800	0,0194
20,2900	0,0131
20,3000	0,0067
20,3100	0,0105
20,3200	0,0143
20,3300	0,0143
20,3400	0,0220
20,3500	0,0067
20,3600	0,0156
20,3700	0,0169
20,3800	0,0232
20,3900	0,0181
20,4000	0,0245
20,4100	0,0143
20,4200	0,0131
20,4300	0,0118
20,4400	0,0080
20,4500	0,0080
20,4600	0,0207
20,4700	0,0143
20,4800	0,0131
20,4900	0,0245
20,5000	0,0181
20,5100	0,0080
20,5200	0,0194
20,5300	0,0207
20,5400	0,0143
20,5500	0,0232
20,5600	0,0194
20,5700	0,0067
20,5800	0,0194
20,5900	0,0131
20,6000	0,0131
20,6100	0,0143
20,6200	0,0156
20,6300	0,0131
20,6400	0,0207
20,6500	0,0232
20,6600	0,0181
20,6700	0,0232
20,6800	0,0143
20,6900	0,0207
20,7000	0,0181
20,7100	0,0143
20,7200	0,0181
20,7300	0,0207
20,7400	0,0169
20,7500	0,0118
20,7600	0,0131
20,7700	0,0181
20,7800	0,0181
20,7900	0,0143
20,8000	0,0207
20,8100	0,0169
20,8200	0,0194
20,8300	0,0156
20,8400	0,0156
20,8500	0,0181
20,8600	0,0092
20,8700	0,0207
20,8800	0,0118
20,8900	0,0245
20,9000	0,0092
20,9100	0,0181
20,9200	0,0220
20,9300	0,0220
20,9400	0,0105
20,9500	0,0143
20,9600	0,0194
20,9700	0,0207
20,9800	0,0207
20,9900	0,0156
21,0000	0,0270
21,0100	0,0131
21,0200	0,0169
21,0300	0,0194
21,0400	0,0131
21,0500	0,0143
21,0600	0,0156
21,0700	0,0092
21,0800	0,0181
21,0900	0,0131
21,1000	0,0131
21,1100	0,0169
21,1200	0,0283
21,1300	0,0054
21,1400	0,0143
21,1500	0,0169
21,1600	0,0169
21,1700	0,0181
21,1800	0,0131
21,1900	0,0118
21,2000	0,0054
21,2100	0,0143
21,2200	0,0156
21,2300	0,0169
21,2400	0,0067
21,2500	0,0207
21,2600	0,0169
21,2700	0,0220
21,2800	0,0207
21,2900	0,0245
21,3000	0,0143
21,3100	0,0131
21,3200	0,0156
21,3300	0,0156
21,3400	0,0067
21,3500	0,0156
21,3600	0,0092
21,3700	0,0143
21,3800	0,0156
21,3900	0,0169
21,4000	0,0169
21,4100	0,0118
21,4200	0,0207
21,4300	0,0194
21,4400	0,0181
21,4500	0,0131
21,4600	0,0143
21,4700	0,0080
21,4800	0,0156
21,4900	0,0169
21,5000	0,0181
21,5100	0,0220
21,5200	0,0207
21,5300	0,0207
21,5400	0,0207
21,5500	0,0258
21,5600	0,0143
21,5700	0,0156
21,5800	0,0194
21,5900	0,0207
21,6000	0,0105
21,6100	0,0143
21,6200	0,0232
21,6300	0,0105
21,6400	0,0245
21,6500	0,0245
21,6600	0,0105
21,6700	0,0194
21,6800	0,0054
21,6900	0,0156
21,7000	0,0220
21,7100	0,0181
21,7200	0,0156
21,7300	0,0232
21,7400	0,0054
21,7500	0,0105
21,7600	0,0207
21,7700	0,0181
21,7800	0,0169
21,7900	0,0131
21,8000	0,0181
21,8100	0,0207
21,8200	0,0181
21,8300	0,0181
21,8400	0,0220
21,8500	0,0080
21,8600	0,0143
21,8700	0,0156
21,8800	0,0169
21,8900	0,0207
21,9000	0,0156
21,9100	0,0220
21,9200	0,0169
21,9300	0,0143
21,9400	0,0156
21,9500	0,0169
21,9600	0,0054
21,9700	0,0232
21,9800	0,0232
21,9900	0,0207
22,0000	0,0118
22,0100	0,0131
22,0200	0,0156
22,0300	0,0143
22,0400	0,0232
22,0500	0,0156
22,0600	0,0169
22,0700	0,0143
22,0800	0,0118
22,0900	0,0220
22,1000	0,0131
22,1100	0,0194
22,1200	0,0156
22,1300	0,0245
22,1400	0,0232
22,1500	0,0131
22,1600	0,0232
22,1700	0,0220
22,1800	0,0092
22,1900	0,0181
22,2000	0,0092
22,2100	0,0118
22,2200	0,0118
22,2300	0,0131
22,2400	0,0067
22,2500	0,0143
22,2600	0,0143
22,2700	0,0220
22,2800	0,0092
22,2900	0,0207
22,3000	0,0092
22,3100	0,0118
22,3200	0,0143
22,3300	0,0194
22,3400	0,0143
22,3500	0,0169
22,3600	0,0169
22,3700	0,0181
22,3800	0,0105
22,3900	0,0105
22,4000	0,0283
22,4100	0,0143
22,4200	0,0181
22,4300	0,0118
22,4400	0,0118
22,4500	0,0143
22,4600	0,0105
22,4700	0,0220
22,4800	0,0296
22,4900	0,0105
22,5000	0,0143
22,5100	0,0181
22,5200	0,0169
22,5300	0,0143
22,5400	0,0118
22,5500	0,0194
22,5600	0,0118
22,5700	0,0143
22,5800	0,0143
22,5900	0,0194
22,6000	0,0207
22,6100	0,0169
22,6200	0,0181
22,6300	0,0105
22,6400	0,0181
22,6500	0,0092
22,6600	0,0296
22,6700	0,0067
22,6800	0,0067
22,6900	0,0181
22,7000	0,0169
22,7100	0,0232
22,7200	0,0181
22,7300	0,0181
22,7400	0,0131
22,7500	0,0232
22,7600	0,0232
22,7700	0,0181
22,7800	0,0194
22,7900	0,0207
22,8000	0,0169
22,8100	0,0118
22,8200	0,0131
22,8300	0,0194
22,8400	0,0143
22,8500	0,0080
22,8600	0,0194
22,8700	0,0181
22,8800	0,0105
22,8900	0,0207
22,9000	0,0220
22,9100	0,0156
22,9200	0,0207
22,9300	0,0181
22,9400	0,0207
22,9500	0,0131
22,9600	0,0220
22,9700	0,0207
22,9800	0,0169
22,9900	0,0131
23,0000	0,0245
23,0100	0,0207
23,0200	0,0220
23,0300	0,0232
23,0400	0,0143
23,0500	0,0194
23,0600	0,0080
23,0700	0,0220
23,0800	0,0270
23,0900	0,0194
23,1000	0,0105
23,1100	0,0207
23,1200	0,0169
23,1300	0,0131
23,1400	0,0169
23,1500	0,0118
23,1600	0,0181
23,1700	0,0194
23,1800	0,0169
23,1900	0,0169
23,2000	0,0181
23,2100	0,0156
23,2200	0,0118
23,2300	0,0207
23,2400	0,0220
23,2500	0,0156
23,2600	0,0143
23,2700	0,0156
23,2800	0,0131
23,2900	0,0080
23,3000	0,0169
23,3100	0,0245
23,3200	0,0054
23,3300	0,0232
23,3400	0,0143
23,3500	0,0169
23,3600	0,0131
23,3700	0,0143
23,3800	0,0220
23,3900	0,0169
23,4000	0,0207
23,4100	0,0232
23,4200	0,0270
23,4300	0,0220
23,4400	0,0169
23,4500	0,0092
23,4600	0,0131
23,4700	0,0143
23,4800	0,0054
23,4900	0,0143
23,5000	0,0131
23,5100	0,0143
23,5200	0,0143
23,5300	0,0156
23,5400	0,0092
23,5500	0,0105
23,5600	0,0105
23,5700	0,0131
23,5800	0,0131
23,5900	0,0207
23,6000	0,0181
23,6100	0,0080
23,6200	0,0092
23,6300	0,0194
23,6400	0,0156
23,6500	0,0080
23,6600	0,0283
23,6700	0,0245
23,6800	0,0207
23,6900	0,0067
23,7000	0,0194
23,7100	0,0131
23,7200	0,0232
23,7300	0,0181
23,7400	0,0207
23,7500	0,0194
23,7600	0,0207
23,7700	0,0207
23,7800	0,0143
23,7900	0,0156
23,8000	0,0181
23,8100	0,0194
23,8200	0,0270
23,8300	0,0207
23,8400	0,0118
23,8500	0,0245
23,8600	0,0270
23,8700	0,0105
23,8800	0,0118
23,8900	0,0270
23,9000	0,0169
23,9100	0,0207
23,9200	0,0245
23,9300	0,0194
23,9400	0,0067
23,9500	0,0207
23,9600	0,0118
23,9700	0,0258
23,9800	0,0194
23,9900	0,0054
24,0000	0,0092
24,0100	0,0169
24,0200	0,0245
24,0300	0,0283
24,0400	0,0194
24,0500	0,0232
24,0600	0,0207
24,0700	0,0131
24,0800	0,0143
24,0900	0,0118
24,1000	0,0143
24,1100	0,0143
24,1200	0,0092
24,1300	0,0245
24,1400	0,0105
24,1500	0,0105
24,1600	0,0181
24,1700	0,0181
24,1800	0,0169
24,1900	0,0181
24,2000	0,0080
24,2100	0,0131
24,2200	0,0245
24,2300	0,0270
24,2400	0,0258
24,2500	0,0207
24,2600	0,0181
24,2700	0,0169
24,2800	0,0156
24,2900	0,0283
24,3000	0,0270
24,3100	0,0232
24,3200	0,0194
24,3300	0,0080
24,3400	0,0118
24,3500	0,0181
24,3600	0,0245
24,3700	0,0156
24,3800	0,0283
24,3900	0,0181
24,4000	0,0258
24,4100	0,0232
24,4200	0,0194
24,4300	0,0169
24,4400	0,0207
24,4500	0,0143
24,4600	0,0169
24,4700	0,0092
24,4800	0,0283
24,4900	0,0245
24,5000	0,0105
24,5100	0,0270
24,5200	0,0245
24,5300	0,0194
24,5400	0,0270
24,5500	0,0270
24,5600	0,0156
24,5700	0,0270
24,5800	0,0156
24,5900	0,0156
24,6000	0,0181
24,6100	0,0258
24,6200	0,0080
24,6300	0,0067
24,6400	0,0143
24,6500	0,0220
24,6600	0,0258
24,6700	0,0232
24,6800	0,0207
24,6900	0,0283
24,7000	0,0169
24,7100	0,0156
24,7200	0,0220
24,7300	0,0080
24,7400	0,0131
24,7500	0,0181
24,7600	0,0143
24,7700	0,0131
24,7800	0,0092
24,7900	0,0181
24,8000	0,0220
24,8100	0,0220
24,8200	0,0118
24,8300	0,0131
24,8400	0,0220
24,8500	0,0156
24,8600	0,0220
24,8700	0,0131
24,8800	0,0105
24,8900	0,0194
24,9000	0,0245
24,9100	0,0194
24,9200	0,0181
24,9300	0,0092
24,9400	0,0194
24,9500	0,0207
24,9600	0,0156
24,9700	0,0181
24,9800	0,0207
24,9900	0,0143
25,0000	0,0232
25,0100	0,0105
25,0200	0,0283
25,0300	0,0029
25,0400	0,0194
25,0500	0,0118
25,0600	0,0245
25,0700	0,0156
25,0800	0,0220
25,0900	0,0156
25,1000	0,0194
25,1100	0,0194
25,1200	0,0181
25,1300	0,0143
25,1400	0,0131
25,1500	0,0131
25,1600	0,0156
25,1700	0,0220
25,1800	0,0245
25,1900	0,0207
25,2000	0,0169
25,2100	0,0194
25,2200	0,0105
25,2300	0,0194
25,2400	0,0143
25,2500	0,0131
25,2600	0,0283
25,2700	0,0181
25,2800	0,0245
25,2900	0,0080
25,3000	0,0143
25,3100	0,0194
25,3200	0,0194
25,3300	0,0143
25,3400	0,0207
25,3500	0,0169
25,3600	0,0092
25,3700	0,0067
25,3800	0,0143
25,3900	0,0029
25,4000	0,0232
25,4100	0,0156
25,4200	0,0118
25,4300	0,0232
25,4400	0,0131
25,4500	0,0232
25,4600	0,0156
25,4700	0,0029
25,4800	0,0105
25,4900	0,0245
25,5000	0,0118
25,5100	0,0169
25,5200	0,0080
25,5300	0,0207
25,5400	0,0169
25,5500	0,0207
25,5600	0,0245
25,5700	0,0067
25,5800	0,0283
25,5900	0,0232
25,6000	0,0181
25,6100	0,0067
25,6200	0,0258
25,6300	0,0118
25,6400	0,0131
25,6500	0,0245
25,6600	0,0283
25,6700	0,0105
25,6800	0,0067
25,6900	0,0067
25,7000	0,0220
25,7100	0,0092
25,7200	0,0092
25,7300	0,0232
25,7400	0,0105
25,7500	0,0143
25,7600	0,0080
25,7700	0,0105
25,7800	0,0245
25,7900	0,0181
25,8000	0,0092
25,8100	0,0181
25,8200	0,0067
25,8300	0,0105
25,8400	0,0092
25,8500	0,0156
25,8600	0,0042
25,8700	0,0156
25,8800	0,0080
25,8900	0,0207
25,9000	0,0181
25,9100	0,0194
25,9200	0,0131
25,9300	0,0169
25,9400	0,0118
25,9500	0,0169
25,9600	0,0105
25,9700	0,0156
25,9800	0,0143
25,9900	0,0156
26,0000	0,0232
26,0100	0,0131
26,0200	0,0131
26,0300	0,0169
26,0400	0,0131
26,0500	0,0118
26,0600	0,0194
26,0700	0,0169
26,0800	0,0131
26,0900	0,0131
26,1000	0,0194
26,1100	0,0156
26,1200	0,0118
26,1300	0,0131
26,1400	0,0181
26,1500	0,0105
26,1600	0,0207
26,1700	0,0080
26,1800	0,0194
26,1900	0,0118
26,2000	0,0169
26,2100	0,0143
26,2200	0,0207
26,2300	0,0258
26,2400	0,0156
26,2500	0,0181
26,2600	0,0270
26,2700	0,0194
26,2800	0,0220
26,2900	0,0092
26,3000	0,0207
26,3100	0,0232
26,3200	0,0220
26,3300	0,0016
26,3400	0,0220
26,3500	0,0220
26,3600	0,0105
26,3700	0,0220
26,3800	0,0156
26,3900	0,0232
26,4000	0,0207
26,4100	0,0169
26,4200	0,0220
26,4300	0,0220
26,4400	0,0131
26,4500	0,0169
26,4600	0,0131
26,4700	0,0156
26,4800	0,0143
26,4900	0,0042
26,5000	0,0080
26,5100	0,0258
26,5200	0,0220
26,5300	0,0181
26,5400	0,0080
26,5500	0,0220
26,5600	0,0042
26,5700	0,0220
26,5800	0,0296
26,5900	0,0169
26,6000	0,0054
26,6100	0,0105
26,6200	0,0245
26,6300	0,0131
26,6400	0,0194
26,6500	0,0092
26,6600	0,0245
26,6700	0,0092
26,6800	0,0296
26,6900	0,0029
26,7000	0,0207
26,7100	0,0143
26,7200	0,0181
26,7300	0,0181
26,7400	0,0283
26,7500	0,0169
26,7600	0,0143
26,7700	0,0143
26,7800	0,0283
26,7900	0,0220
26,8000	0,0207
26,8100	0,0258
26,8200	0,0181
26,8300	0,0169
26,8400	0,0118
26,8500	0,0156
26,8600	0,0118
26,8700	0,0156
26,8800	0,0232
26,8900	0,0092
26,9000	0,0232
26,9100	0,0131
26,9200	0,0092
26,9300	0,0220
26,9400	0,0220
26,9500	0,0258
26,9600	0,0156
26,9700	0,0105
26,9800	0,0118
26,9900	0,0143
27,0000	0,0131
27,0100	0,0143
27,0200	0,0156
27,0300	0,0181
27,0400	0,0131
27,0500	0,0207
27,0600	0,0156
27,0700	0,0143
27,0800	0,0232
27,0900	0,0105
27,1000	0,0029
27,1100	0,0169
27,1200	0,0156
27,1300	0,0220
27,1400	0,0194
27,1500	0,0207
27,1600	0,0181
27,1700	0,0105
27,1800	0,0143
27,1900	0,0156
27,2000	0,0220
27,2100	0,0118
27,2200	0,0232
27,2300	0,0321
27,2400	0,0092
27,2500	0,0143
27,2600	0,0080
27,2700	0,0143
27,2800	0,0283
27,2900	0,0067
27,3000	0,0207
27,3100	0,0156
27,3200	0,0092
27,3300	0,0067
27,3400	0,0245
27,3500	0,0169
27,3600	0,0169
27,3700	0,0283
27,3800	0,0181
27,3900	0,0245
27,4000	0,0258
27,4100	0,0143
27,4200	0,0156
27,4300	0,0258
27,4400	0,0232
27,4500	0,0220
27,4600	0,0181
27,4700	0,0181
27,4800	0,0232
27,4900	0,0194
27,5000	0,0245
27,5100	0,0092
27,5200	0,0131
27,5300	0,0118
27,5400	0,0232
27,5500	0,0169
27,5600	0,0283
27,5700	0,0105
27,5800	0,0194
27,5900	0,0143
27,6000	0,0181
27,6100	0,0143
27,6200	0,0220
27,6300	0,0207
27,6400	0,0207
27,6500	0,0207
27,6600	0,0156
27,6700	0,0270
27,6800	0,0207
27,6900	0,0181
27,7000	0,0220
27,7100	0,0181
27,7200	0,0258
27,7300	0,0207
27,7400	0,0194
27,7500	0,0220
27,7600	0,0207
27,7700	0,0080
27,7800	0,0181
27,7900	0,0143
27,8000	0,0118
27,8100	0,0181
27,8200	0,0207
27,8300	0,0105
27,8400	0,0194
27,8500	0,0194
27,8600	0,0220
27,8700	0,0156
27,8800	0,0143
27,8900	0,0156
27,9000	0,0220
27,9100	0,0143
27,9200	0,0194
27,9300	0,0105
27,9400	0,0232
27,9500	0,0131
27,9600	0,0131
27,9700	0,0080
27,9800	0,0194
27,9900	0,0169
28,0000	0,0207
28,0100	0,0169
28,0200	0,0169
28,0300	0,0207
28,0400	0,0181
28,0500	0,0067
28,0600	0,0143
28,0700	0,0232
28,0800	0,0207
28,0900	0,0194
28,1000	0,0258
28,1100	0,0181
28,1200	0,0105
28,1300	0,0207
28,1400	0,0232
28,1500	0,0232
28,1600	0,0181
28,1700	0,0131
28,1800	0,0194
28,1900	0,0156
28,2000	0,0143
28,2100	0,0220
28,2200	0,0105
28,2300	0,0118
28,2400	0,0232
28,2500	0,0245
28,2600	0,0194
28,2700	0,0245
28,2800	0,0207
28,2900	0,0042
28,3000	0,0232
28,3100	0,0181
28,3200	0,0118
28,3300	0,0194
28,3400	0,0194
28,3500	0,0118
28,3600	0,0194
28,3700	0,0194
28,3800	0,0181
28,3900	0,0169
28,4000	0,0232
28,4100	0,0156
28,4200	0,0181
28,4300	0,0296
28,4400	0,0283
28,4500	0,0131
28,4600	0,0245
28,4700	0,0181
28,4800	0,0245
28,4900	0,0232
28,5000	0,0156
28,5100	0,0092
28,5200	0,0194
28,5300	0,0207
28,5400	0,0156
28,5500	0,0092
28,5600	0,0105
28,5700	0,0131
28,5800	0,0232
28,5900	0,0080
28,6000	0,0220
28,6100	0,0207
28,6200	0,0105
28,6300	0,0245
28,6400	0,0207
28,6500	0,0283
28,6600	0,0270
28,6700	0,0156
28,6800	0,0143
28,6900	0,0143
28,7000	0,0131
28,7100	0,0181
28,7200	0,0181
28,7300	0,0131
28,7400	0,0143
28,7500	0,0194
28,7600	0,0194
28,7700	0,0105
28,7800	0,0220
28,7900	0,0092
28,8000	0,0181
28,8100	0,0207
28,8200	0,0156
28,8300	0,0181
28,8400	0,0207
28,8500	0,0118
28,8600	0,0207
28,8700	0,0156
28,8800	0,0169
28,8900	0,0054
28,9000	0,0169
28,9100	0,0169
28,9200	0,0194
28,9300	0,0194
28,9400	0,0169
28,9500	0,0029
28,9600	0,0181
28,9700	0,0258
28,9800	0,0080
28,9900	0,0194
29,0000	0,0169
29,0100	0,0105
29,0200	0,0207
29,0300	0,0232
29,0400	0,0105
29,0500	0,0156
29,0600	0,0207
29,0700	0,0169
29,0800	0,0258
29,0900	0,0181
29,1000	0,0092
29,1100	0,0092
29,1200	0,0118
29,1300	0,0092
29,1400	0,0156
29,1500	0,0156
29,1600	0,0232
29,1700	0,0131
29,1800	0,0207
29,1900	0,0181
29,2000	0,0105
29,2100	0,0207
29,2200	0,0131
29,2300	0,0245
29,2400	0,0080
29,2500	0,0118
29,2600	0,0283
29,2700	0,0131
29,2800	0,0169
29,2900	0,0143
29,3000	0,0131
29,3100	0,0156
29,3200	0,0181
29,3300	0,0118
29,3400	0,0207
29,3500	0,0131
29,3600	0,0181
29,3700	0,0181
29,3800	0,0105
29,3900	0,0080
29,4000	0,0169
29,4100	0,0092
29,4200	0,0334
29,4300	0,0194
29,4400	0,0169
29,4500	0,0270
29,4600	0,0296
29,4700	0,0156
29,4800	0,0258
29,4900	0,0181
29,5000	0,0143
29,5100	0,0092
29,5200	0,0143
29,5300	0,0232
29,5400	0,0105
29,5500	0,0016
29,5600	0,0181
29,5700	0,0245
29,5800	0,0156
29,5900	0,0118
29,6000	0,0181
29,6100	0,0207
29,6200	0,0131
29,6300	0,0118
29,6400	0,0131
29,6500	0,0118
29,6600	0,0194
29,6700	0,0105
29,6800	0,0169
29,6900	0,0270
29,7000	0,0207
29,7100	0,0169
29,7200	0,0105
29,7300	0,0232
29,7400	0,0283
29,7500	0,0207
29,7600	0,0232
29,7700	0,0067
29,7800	0,0131
29,7900	0,0156
29,8000	0,0207
29,8100	0,0181
29,8200	0,0042
29,8300	0,0042
29,8400	0,0131
29,8500	0,0118
29,8600	0,0181
29,8700	0,0232
29,8800	0,0042
29,8900	0,0258
29,9000	0,0207
29,9100	0,0118
29,9200	0,0092
29,9300	0,0181
29,9400	0,0105
29,9500	0,0194
29,9600	0,0169
29,9700	0,0245
29,9800	0,0207
29,9900	0,0232
30,0000	0,0080
30,0100	0,0194
30,0200	0,0143
30,0300	0,0169
30,0400	0,0143
30,0500	0,0143
30,0600	0,0143
30,0700	0,0181
30,0800	0,0169
30,0900	0,0181
30,1000	0,0181
30,1100	0,0156
30,1200	0,0181
30,1300	0,0169
30,1400	0,0156
30,1500	0,0194
30,1600	0,0131
30,1700	0,0181
30,1800	0,0181
30,1900	0,0207
30,2000	0,0105
30,2100	0,0131
30,2200	0,0207
30,2300	0,0092
30,2400	0,0080
30,2500	0,0232
30,2600	0,0181
30,2700	0,0181
30,2800	0,0156
30,2900	0,0118
30,3000	0,0181
30,3100	0,0194
30,3200	0,0207
30,3300	0,0131
30,3400	0,0118
30,3500	0,0181
30,3600	0,0169
30,3700	0,0169
30,3800	0,0181
30,3900	0,0080
30,4000	0,0143
30,4100	0,0220
30,4200	0,0194
30,4300	0,0143
30,4400	0,0194
30,4500	0,0207
30,4600	0,0105
30,4700	0,0181
30,4800	0,0105
30,4900	0,0143
30,5000	0,0283
30,5100	0,0245
30,5200	0,0232
30,5300	0,0232
30,5400	0,0207
30,5500	0,0245
30,5600	0,0105
30,5700	0,0042
30,5800	0,0181
30,5900	0,0232
30,6000	0,0232
30,6100	0,0270
30,6200	0,0080
30,6300	0,0092
30,6400	0,0143
30,6500	0,0143
30,6600	0,0092
30,6700	0,0118
30,6800	0,0131
30,6900	0,0105
30,7000	0,0054
30,7100	0,0220
30,7200	0,0067
30,7300	0,0194
30,7400	0,0054
30,7500	0,0131
30,7600	0,0258
30,7700	0,0016
30,7800	0,0080
30,7900	0,0232
30,8000	0,0232
30,8100	0,0080
30,8200	0,0143
30,8300	0,0169
30,8400	0,0131
30,8500	0,0169
30,8600	0,0245
30,8700	0,0131
30,8800	0,0181
30,8900	0,0283
30,9000	0,0067
30,9100	0,0080
30,9200	0,0181
30,9300	0,0143
30,9400	0,0194
30,9500	0,0054
30,9600	0,0067
30,9700	0,0232
30,9800	0,0296
30,9900	0,0054
31,0000	0,0220
31,0100	0,0270
31,0200	0,0118
31,0300	0,0181
31,0400	0,0143
31,0500	0,0181
31,0600	0,0232
31,0700	0,0181
31,0800	0,0054
31,0900	0,0169
31,1000	0,0067
31,1100	0,0169
31,1200	0,0207
31,1300	0,0220
31,1400	0,0207
31,1500	0,0232
31,1600	0,0131
31,1700	0,0245
31,1800	0,0220
31,1900	0,0169
31,2000	0,0105
31,2100	0,0181
31,2200	0,0131
31,2300	0,0143
31,2400	0,0143
31,2500	0,0054
31,2600	0,0181
31,2700	0,0181
31,2800	0,0270
31,2900	0,0105
31,3000	0,0220
31,3100	0,0156
31,3200	0,0245
31,3300	0,0181
31,3400	0,0131
31,3500	0,0131
31,3600	0,0105
31,3700	0,0156
31,3800	0,0181
31,3900	0,0118
31,4000	0,0207
31,4100	0,0207
31,4200	0,0181
31,4300	0,0207
31,4400	0,0016
31,4500	0,0143
31,4600	0,0143
31,4700	0,0169
31,4800	0,0156
31,4900	0,0118
31,5000	0,0169
31,5100	0,0131
31,5200	0,0143
31,5300	0,0042
31,5400	0,0105
31,5500	0,0270
31,5600	0,0156
31,5700	0,0181
31,5800	0,0232
31,5900	0,0220
31,6000	0,0194
31,6100	0,0156
31,6200	0,0194
31,6300	0,0131
31,6400	0,0194
31,6500	0,0181
31,6600	0,0207
31,6700	0,0105
31,6800	0,0181
31,6900	0,0258
31,7000	0,0118
31,7100	0,0156
31,7200	0,0118
31,7300	0,0105
31,7400	0,0181
31,7500	0,0169
31,7600	0,0156
31,7700	0,0245
31,7800	0,0169
31,7900	0,0054
31,8000	0,0258
31,8100	0,0105
31,8200	0,0181
31,8300	0,0118
31,8400	0,0080
31,8500	0,0169
31,8600	0,0245
31,8700	0,0118
31,8800	0,0207
31,8900	0,0220
31,9000	0,0232
31,9100	0,0258
31,9200	0,0156
31,9300	0,0245
31,9400	0,0105
31,9500	0,0207
31,9600	0,0232
31,9700	0,0080
31,9800	0,0067
31,9900	0,0156
32,0000	0,0194
32,0100	0,0194
32,0200	0,0143
32,0300	0,0169
32,0400	0,0118
32,0500	0,0131
32,0600	0,0169
32,0700	0,0181
32,0800	0,0067
32,0900	0,0245
32,1000	0,0169
32,1100	0,0092
32,1200	0,0181
32,1300	0,0194
32,1400	0,0080
32,1500	0,0258
32,1600	0,0169
32,1700	0,0042
32,1800	0,0258
32,1900	0,0105
32,2000	0,0181
32,2100	0,0143
32,2200	0,0029
32,2300	0,0207
32,2400	0,0169
32,2500	0,0080
32,2600	0,0169
32,2700	0,0067
32,2800	0,0054
32,2900	0,0105
32,3000	0,0131
32,3100	0,0207
32,3200	0,0156
32,3300	0,0207
32,3400	0,0105
32,3500	0,0169
32,3600	0,0156
32,3700	0,0131
32,3800	0,0029
32,3900	0,0258
32,4000	0,0131
32,4100	0,0131
32,4200	0,0194
32,4300	0,0143
32,4400	0,0156
32,4500	0,0067
32,4600	0,0143
32,4700	0,0118
32,4800	0,0207
32,4900	0,0067
32,5000	0,0105
32,5100	0,0245
32,5200	0,0080
32,5300	0,0181
32,5400	0,0207
32,5500	0,0131
32,5600	0,0181
32,5700	0,0207
32,5800	0,0181
32,5900	0,0169
32,6000	0,0245
32,6100	0,0054
32,6200	0,0131
32,6300	0,0309
32,6400	0,0118
32,6500	0,0321
32,6600	0,0054
32,6700	0,0169
32,6800	0,0054
32,6900	0,0258
32,7000	0,0131
32,7100	0,0143
32,7200	0,0118
32,7300	0,0207
32,7400	0,0118
32,7500	0,0283
32,7600	0,0092
32,7700	0,0258
32,7800	0,0156
32,7900	0,0092
32,8000	0,0245
32,8100	0,0220
32,8200	0,0232
32,8300	0,0169
32,8400	0,0080
32,8500	0,0321
32,8600	0,0080
32,8700	0,0131
32,8800	0,0207
32,8900	0,0131
32,9000	0,0220
32,9100	0,0156
32,9200	0,0131
32,9300	0,0131
32,9400	0,0143
32,9500	0,0169
32,9600	0,0016
32,9700	0,0181
32,9800	0,0092
32,9900	0,0181
33,0000	0,0181
33,0100	0,0131
33,0200	0,0143
33,0300	0,0105
33,0400	0,0105
33,0500	0,0232
33,0600	0,0169
33,0700	0,0194
33,0800	0,0118
33,0900	0,0143
33,1000	0,0156
33,1100	0,0054
33,1200	0,0169
33,1300	0,0067
33,1400	0,0232
33,1500	0,0092
33,1600	0,0169
33,1700	0,0181
33,1800	0,0105
33,1900	0,0118
33,2000	0,0194
33,2100	0,0092
33,2200	0,0181
33,2300	0,0118
33,2400	0,0131
33,2500	0,0118
33,2600	0,0105
33,2700	0,0245
33,2800	0,0245
33,2900	0,0232
33,3000	0,0067
33,3100	0,0258
33,3200	0,0169
33,3300	0,0156
33,3400	0,0131
33,3500	0,0080
33,3600	0,0232
33,3700	0,0143
33,3800	0,0270
33,3900	0,0131
33,4000	0,0156
33,4100	0,0169
33,4200	0,0131
33,4300	0,0169
33,4400	0,0283
33,4500	0,0207
33,4600	0,0080
33,4700	0,0105
33,4800	0,0232
33,4900	0,0067
33,5000	0,0080
33,5100	0,0067
33,5200	0,0181
33,5300	0,0156
33,5400	0,0131
33,5500	0,0080
33,5600	0,0207
33,5700	0,0131
33,5800	0,0067
33,5900	0,0232
33,6000	0,0194
33,6100	0,0092
33,6200	0,0232
33,6300	0,0131
33,6400	0,0181
33,6500	0,0169
33,6600	0,0156
33,6700	0,0220
33,6800	0,0143
33,6900	0,0232
33,7000	0,0092
33,7100	0,0067
33,7200	0,0270
33,7300	0,0181
33,7400	0,0220
33,7500	0,0232
33,7600	0,0105
33,7700	0,0143
33,7800	0,0156
33,7900	0,0232
33,8000	0,0131
33,8100	0,0194
33,8200	0,0207
33,8300	0,0245
33,8400	0,0220
33,8500	0,0309
33,8600	0,0194
33,8700	0,0245
33,8800	0,0181
33,8900	0,0156
33,9000	0,0131
33,9100	0,0245
33,9200	0,0143
33,9300	0,0131
33,9400	0,0232
33,9500	0,0042
33,9600	0,0156
33,9700	0,0143
33,9800	0,0169
33,9900	0,0169
34,0000	0,0207
34,0100	0,0143
34,0200	0,0131
34,0300	0,0207
34,0400	0,0220
34,0500	0,0169
34,0600	0,0067
34,0700	0,0258
34,0800	0,0296
34,0900	0,0359
34,1000	0,0232
34,1100	0,0207
34,1200	0,0131
34,1300	0,0143
34,1400	0,0194
34,1500	0,0169
34,1600	0,0118
34,1700	0,0270
34,1800	0,0143
34,1900	0,0207
34,2000	0,0181
34,2100	0,0105
34,2200	0,0207
34,2300	0,0118
34,2400	0,0207
34,2500	0,0181
34,2600	0,0270
34,2700	0,0118
34,2800	0,0156
34,2900	0,0156
34,3000	0,0181
34,3100	0,0080
34,3200	0,0143
34,3300	0,0156
34,3400	0,0156
34,3500	0,0092
34,3600	0,0207
34,3700	0,0232
34,3800	0,0156
34,3900	0,0194
34,4000	0,0194
34,4100	0,0207
34,4200	0,0131
34,4300	0,0143
34,4400	0,0143
34,4500	0,0131
34,4600	0,0169
34,4700	0,0169
34,4800	0,0245
34,4900	0,0258
34,5000	0,0143
34,5100	0,0220
34,5200	0,0131
34,5300	0,0181
34,5400	0,0042
34,5500	0,0181
34,5600	0,0207
34,5700	0,0207
34,5800	0,0143
34,5900	0,0080
34,6000	0,0194
34,6100	0,0169
34,6200	0,0156
34,6300	0,0169
34,6400	0,0181
34,6500	0,0169
34,6600	0,0181
34,6700	0,0131
34,6800	0,0067
34,6900	0,0245
34,7000	0,0143
34,7100	0,0131
34,7200	0,0143
34,7300	0,0245
34,7400	0,0169
34,7500	0,0207
34,7600	0,0143
34,7700	0,0131
34,7800	0,0245
34,7900	0,0131
34,8000	0,0207
34,8100	0,0131
34,8200	0,0245
34,8300	0,0131
34,8400	0,0080
34,8500	0,0220
34,8600	0,0156
34,8700	0,0143
34,8800	0,0181
34,8900	0,0258
34,9000	0,0194
34,9100	0,0245
34,9200	0,0105
34,9300	0,0232
34,9400	0,0143
34,9500	0,0067
34,9600	0,0232
34,9700	0,0118
34,9800	0,0169
34,9900	0,0042
35,0000	0,0207
35,0100	0,0169
35,0200	0,0156
35,0300	0,0270
35,0400	0,0207
35,0500	0,0131
35,0600	0,0181
35,0700	0,0156
35,0800	0,0169
35,0900	0,0016
35,1000	0,0220
35,1100	0,0156
35,1200	0,0207
35,1300	0,0309
35,1400	0,0092
35,1500	0,0016
35,1600	0,0194
35,1700	0,0156
35,1800	0,0092
35,1900	0,0321
35,2000	0,0067
35,2100	0,0042
35,2200	0,0156
35,2300	0,0232
35,2400	0,0067
35,2500	0,0080
35,2600	0,0003
35,2700	0,0131
35,2800	0,0003
35,2900	0,0220
35,3000	0,0156
35,3100	0,0220
35,3200	0,0118
35,3300	0,0232
35,3400	0,0283
35,3500	0,0283
35,3600	0,0321
35,3700	0,0080
35,3800	0,0232
35,3900	0,0118
35,4000	0,0169
35,4100	0,0194
35,4200	0,0169
35,4300	0,0220
35,4400	0,0334
35,4500	0,0270
35,4600	0,0156
35,4700	0,0092
35,4800	0,0194
35,4900	0,0181
35,5000	0,0207
35,5100	0,0131
35,5200	0,0296
35,5300	0,0258
35,5400	0,0118
35,5500	0,0156
35,5600	0,0105
35,5700	0,0156
35,5800	0,0245
35,5900	0,0118
35,6000	0,0309
35,6100	0,0220
35,6200	0,0220
35,6300	0,0092
35,6400	0,0207
35,6500	0,0232
35,6600	0,0169
35,6700	0,0143
35,6800	0,0181
35,6900	0,0207
35,7000	0,0156
35,7100	0,0232
35,7200	0,0029
35,7300	0,0181
35,7400	0,0156
35,7500	0,0080
35,7600	0,0181
35,7700	0,0181
35,7800	0,0283
35,7900	0,0207
35,8000	0,0131
35,8100	0,0143
35,8200	0,0270
35,8300	0,0207
35,8400	0,0194
35,8500	0,0220
35,8600	0,0143
35,8700	0,0181
35,8800	0,0169
35,8900	0,0131
35,9000	0,0194
35,9100	0,0194
35,9200	0,0118
35,9300	0,0156
35,9400	0,0080
35,9500	0,0194
35,9600	0,0118
35,9700	0,0194
35,9800	0,0283
35,9900	0,0156
36,0000	0,0118
36,0100	0,0283
36,0200	0,0220
36,0300	0,0245
36,0400	0,0207
36,0500	0,0169
36,0600	0,0207
36,0700	0,0118
36,0800	0,0131
36,0900	0,0054
36,1000	0,0258
36,1100	0,0080
36,1200	0,0143
36,1300	0,0080
36,1400	0,0245
36,1500	0,0283
36,1600	0,0080
36,1700	0,0181
36,1800	0,0054
36,1900	0,0334
36,2000	0,0156
36,2100	0,0131
36,2200	0,0270
36,2300	0,0270
36,2400	0,0080
36,2500	0,0296
36,2600	0,0207
36,2700	0,0220
36,2800	0,0321
36,2900	0,0181
36,3000	0,0054
36,3100	0,0334
36,3200	0,0143
36,3300	0,0029
36,3400	0,0207
36,3500	0,0181
36,3600	0,0258
36,3700	0,0131
36,3800	0,0118
36,3900	0,0118
36,4000	0,0169
36,4100	0,0194
36,4200	0,0156
36,4300	0,0156
36,4400	0,0194
36,4500	0,0258
36,4600	0,0321
36,4700	0,0258
36,4800	0,0220
36,4900	0,0207
36,5000	0,0131
36,5100	0,0232
36,5200	0,0156
36,5300	0,0245
36,5400	0,0143
36,5500	0,0131
36,5600	0,0270
36,5700	0,0156
36,5800	0,0194
36,5900	0,0309
36,6000	0,0220
36,6100	0,0131
36,6200	0,0067
36,6300	0,0143
36,6400	0,0181
36,6500	0,0156
36,6600	0,0169
36,6700	0,0105
36,6800	0,0258
36,6900	0,0232
36,7000	0,0283
36,7100	0,0131
36,7200	0,0207
36,7300	0,0156
36,7400	0,0156
36,7500	0,0232
36,7600	0,0080
36,7700	0,0220
36,7800	0,0105
36,7900	0,0143
36,8000	0,0143
36,8100	0,0169
36,8200	0,0220
36,8300	0,0181
36,8400	0,0245
36,8500	0,0105
36,8600	0,0118
36,8700	0,0220
36,8800	0,0118
36,8900	0,0131
36,9000	0,0143
36,9100	0,0156
36,9200	0,0245
36,9300	0,0067
36,9400	0,0181
36,9500	0,0143
36,9600	0,0169
36,9700	0,0118
36,9800	0,0042
36,9900	0,0207
37,0000	0,0105
37,0100	0,0143
37,0200	0,0232
37,0300	0,0258
37,0400	0,0131
37,0500	0,0131
37,0600	0,0232
37,0700	0,0232
37,0800	0,0169
37,0900	0,0080
37,1000	0,0029
37,1100	0,0207
37,1200	0,0143
37,1300	0,0232
37,1400	0,0080
37,1500	0,0296
37,1600	0,0309
37,1700	0,0003
37,1800	0,0118
37,1900	0,0169
37,2000	0,0118
37,2100	0,0194
37,2200	0,0118
37,2300	0,0131
37,2400	0,0232
37,2500	0,0181
37,2600	0,0181
37,2700	0,0181
37,2800	0,0207
37,2900	0,0169
37,3000	0,0105
37,3100	0,0143
37,3200	0,0118
37,3300	0,0067
37,3400	0,0207
37,3500	0,0220
37,3600	0,0194
37,3700	0,0105
37,3800	0,0232
37,3900	0,0207
37,4000	0,0143
37,4100	0,0080
37,4200	0,0105
37,4300	0,0169
37,4400	0,0296
37,4500	0,0181
37,4600	0,0207
37,4700	0,0232
37,4800	0,0131
37,4900	0,0220
37,5000	0,0067
37,5100	0,0105
37,5200	0,0067
37,5300	-0,0009
37,5400	0,0245
37,5500	0,0156
37,5600	0,0156
37,5700	0,0143
37,5800	0,0194
37,5900	0,0092
37,6000	0,0309
37,6100	0,0194
37,6200	0,0181
37,6300	0,0194
37,6400	0,0143
37,6500	0,0080
37,6600	0,0118
37,6700	0,0143
37,6800	0,0245
37,6900	0,0194
37,7000	0,0245
37,7100	0,0169
37,7200	0,0118
37,7300	0,0156
37,7400	0,0207
37,7500	0,0194
37,7600	0,0054
37,7700	0,0181
37,7800	0,0283
37,7900	0,0296
37,8000	0,0054
37,8100	0,0232
37,8200	0,0131
37,8300	0,0131
37,8400	0,0181
37,8500	0,0131
37,8600	0,0220
37,8700	0,0131
37,8800	0,0118
37,8900	0,0131
37,9000	0,0092
37,9100	0,0207
37,9200	0,0194
37,9300	0,0118
37,9400	0,0118
37,9500	0,0207
37,9600	0,0232
37,9700	0,0296
37,9800	0,0245
37,9900	0,0118
38,0000	0,0118
38,0100	0,0131
38,0200	0,0232
38,0300	0,0092
38,0400	0,0283
38,0500	0,0220
38,0600	0,0105
38,0700	0,0181
38,0800	0,0080
38,0900	0,0309
38,1000	0,0258
38,1100	0,0181
38,1200	0,0067
38,1300	0,0042
38,1400	0,0131
38,1500	0,0118
38,1600	0,0092
38,1700	0,0105
38,1800	0,0156
38,1900	0,0245
38,2000	0,0220
38,2100	0,0181
38,2200	0,0169
38,2300	0,0156
38,2400	0,0042
38,2500	0,0220
38,2600	0,0016
38,2700	0,0309
38,2800	0,0118
38,2900	0,0080
38,3000	0,0156
38,3100	0,0258
38,3200	0,0207
38,3300	0,0296
38,3400	0,0245
38,3500	0,0143
38,3600	0,0054
38,3700	0,0067
38,3800	0,0207
38,3900	0,0220
38,4000	0,0169
38,4100	0,0245
38,4200	0,0080
38,4300	0,0309
38,4400	0,0194
38,4500	0,0131
38,4600	0,0181
38,4700	0,0105
38,4800	0,0169
38,4900	0,0156
38,5000	0,0334
38,5100	0,0232
38,5200	0,0283
38,5300	0,0232
38,5400	0,0270
38,5500	0,0220
38,5600	0,0105
38,5700	0,0118
38,5800	0,0029
38,5900	0,0143
38,6000	0,0207
38,6100	0,0258
38,6200	0,0270
38,6300	0,0092
38,6400	0,0181
38,6500	0,0156
38,6600	0,0181
38,6700	0,0194
38,6800	0,0131
38,6900	0,0131
38,7000	0,0169
38,7100	0,0181
38,7200	0,0054
38,7300	0,0194
38,7400	0,0220
38,7500	0,0207
38,7600	0,0105
38,7700	0,0054
38,7800	0,0092
38,7900	0,0105
38,8000	0,0232
38,8100	0,0105
38,8200	0,0245
38,8300	0,0283
38,8400	0,0169
38,8500	0,0143
38,8600	0,0207
38,8700	0,0054
38,8800	0,0156
38,8900	0,0169
38,9000	0,0245
38,9100	0,0105
38,9200	0,0220
38,9300	0,0258
38,9400	0,0207
38,9500	0,0220
38,9600	0,0347
38,9700	0,0092
38,9800	0,0270
38,9900	0,0207
39,0000	0,0156
39,0100	0,0181
39,0200	0,0220
39,0300	0,0105
39,0400	0,0156
39,0500	0,0131
39,0600	0,0029
39,0700	0,0131
39,0800	0,0131
39,0900	0,0232
39,1000	0,0207
39,1100	0,0169
39,1200	0,0169
39,1300	0,0131
39,1400	0,0181
39,1500	0,0118
39,1600	0,0118
39,1700	0,0105
39,1800	0,0156
39,1900	0,0169
39,2000	0,0220
39,2100	0,0194
39,2200	0,0194
39,2300	0,0220
39,2400	0,0054
39,2500	0,0092
39,2600	0,0080
39,2700	0,0042
39,2800	0,0207
39,2900	0,0258
39,3000	0,0181
39,3100	0,0054
39,3200	0,0309
39,3300	0,0029
39,3400	0,0181
39,3500	0,0181
39,3600	-0,0009
39,3700	0,0156
39,3800	0,0220
39,3900	-0,0035
39,4000	0,0029
39,4100	0,0067
39,4200	0,0296
39,4300	0,0283
39,4400	0,0270
39,4500	0,0232
39,4600	0,0232
39,4700	0,0220
39,4800	0,0156
39,4900	0,0029
39,5000	0,0220
39,5100	0,0003
39,5200	0,0105
39,5300	0,0080
39,5400	0,0042
39,5500	0,0016
39,5600	0,0054
39,5700	0,0118
39,5800	0,0334
39,5900	0,0092
39,6000	0,0359
39,6100	0,0143
39,6200	0,0385
39,6300	0,0080
39,6400	0,0080
39,6500	0,0169
39,6600	0,0118
39,6700	0,0309
39,6800	0,0245
39,6900	0,0092
39,7000	0,0042
39,7100	0,0054
39,7200	0,0181
39,7300	0,0003
39,7400	0,0118
39,7500	0,0067
39,7600	0,0181
39,7700	0,0105
39,7800	0,0258
39,7900	0,0270
39,8000	0,0283
39,8100	0,0398
39,8200	-0,0009
39,8300	0,0334
39,8400	0,0283
39,8500	0,0118
39,8600	0,0194
39,8700	-0,0022
39,8800	0,0029
39,8900	0,0080
39,9000	0,0270
39,9100	0,0321
39,9200	0,0245
39,9300	0,0194
39,9400	0,0410
39,9500	0,0105
39,9600	0,0118
39,9700	0,0232
39,9800	0,0194
39,9900	0,0131
40,0000	-0,0009
40,0100	0,0270
40,0200	0,0245
40,0300	0,0156
40,0400	0,0207
40,0500	0,0283
40,0600	0,0258
40,0700	0,0016
40,0800	0,0283
40,0900	0,0042
40,1000	0,0181
40,1100	0,0207
40,1200	0,0283
40,1300	0,0207
40,1400	-0,0073
40,1500	0,0220
40,1600	0,0131
40,1700	0,0321
40,1800	0,0181
40,1900	0,0309
40,2000	0,0309
40,2100	0,0105
40,2200	0,0296
40,2300	0,0258
40,2400	-0,0022
40,2500	0,0080
40,2600	0,0270
40,2700	0,0321
40,2800	0,0092
40,2900	0,0296
40,3000	0,0156
40,3100	0,0283
40,3200	0,0194
40,3300	0,0181
40,3400	0,0347
40,3500	0,0143
40,3600	0,0156
40,3700	0,0181
40,3800	0,0258
40,3900	0,0131
40,4000	0,0194
40,4100	0,0131
40,4200	0,0270
40,4300	0,0220
40,4400	0,0105
40,4500	0,0207
40,4600	0,0156
40,4700	0,0054
40,4800	0,0181
40,4900	0,0321
40,5000	0,0220
40,5100	0,0181
40,5200	0,0131
40,5300	0,0423
40,5400	0,0143
40,5500	0,0118
40,5600	0,0067
40,5700	0,0372
40,5800	0,0258
40,5900	0,0169
40,6000	0,0309
40,6100	0,0347
40,6200	0,0194
40,6300	-0,0047
40,6400	0,0156
40,6500	0,0080
40,6600	0,0436
40,6700	0,0359
40,6800	0,0105
40,6900	0,0334
40,7000	0,0131
40,7100	0,0003
40,7200	0,0220
40,7300	0,0156
40,7400	-0,0035
40,7500	0,0029
40,7600	0,0169
40,7700	0,0321
40,7800	-0,0047
40,7900	0,0169
40,8000	0,0194
40,8100	0,0143
40,8200	0,0054
40,8300	0,0092
40,8400	0,0220
40,8500	0,0143
40,8600	0,0105
40,8700	0,0194
40,8800	0,0181
40,8900	0,0156
40,9000	0,0143
40,9100	0,0156
40,9200	0,0156
40,9300	0,0105
40,9400	0,0296
40,9500	0,0131
40,9600	0,0321
40,9700	0,0054
40,9800	0,0169
40,9900	0,0232
41,0000	0,0169
41,0100	0,0054
41,0200	0,0169
41,0300	0,0181
41,0400	0,0283
41,0500	0,0092
41,0600	0,0169
41,0700	0,0220
41,0800	0,0067
41,0900	0,0029
41,1000	0,0156
41,1100	0,0118
41,1200	0,0067
41,1300	0,0042
41,1400	0,0181
41,1500	-0,0022
41,1600	0,0156
41,1700	0,0232
41,1800	0,0105
41,1900	0,0118
41,2000	0,0359
41,2100	0,0220
41,2200	0,0054
41,2300	0,0283
41,2400	0,0067
41,2500	0,0080
41,2600	0,0220
41,2700	0,0270
41,2800	0,0258
41,2900	0,0118
41,3000	0,0169
41,3100	0,0169
41,3200	0,0131
41,3300	0,0321
41,3400	0,0245
41,3500	0,0283
41,3600	0,0270
41,3700	0,0092
41,3800	0,0092
41,3900	-0,0124
41,4000	0,0347
41,4100	0,0143
41,4200	0,0296
41,4300	0,0054
41,4400	0,0169
41,4500	0,0194
41,4600	0,0220
41,4700	-0,0022
41,4800	0,0054
41,4900	0,0207
41,5000	-0,0009
41,5100	0,0016
41,5200	0,0029
41,5300	0,0283
41,5400	-0,0047
41,5500	0,0131
41,5600	0,0245
41,5700	0,0283
41,5800	0,0296
41,5900	0,0270
41,6000	0,0232
41,6100	0,0092
41,6200	0,0143
41,6300	0,0131
41,6400	0,0410
41,6500	0,0156
41,6600	0,0131
41,6700	0,0080
41,6800	0,0194
41,6900	0,0372
41,7000	0,0131
41,7100	0,0220
41,7200	0,0207
41,7300	0,0359
41,7400	0,0003
41,7500	0,0347
41,7600	0,0029
41,7700	0,0054
41,7800	0,0194
41,7900	0,0029
41,8000	0,0283
41,8100	0,0194
41,8200	0,0347
41,8300	-0,0035
41,8400	0,0054
41,8500	0,0194
41,8600	0,0372
41,8700	0,0296
41,8800	0,0169
41,8900	0,0398
41,9000	0,0029
41,9100	0,0118
41,9200	0,0181
41,9300	0,0270
41,9400	0,0143
41,9500	0,0385
41,9600	0,0258
41,9700	0,0194
41,9800	0,0258
41,9900	-0,0009
42,0000	0,0080
42,0100	0,0181
42,0200	0,0283
42,0300	0,0054
42,0400	0,0080
42,0500	0,0131
42,0600	0,0105
42,0700	0,0245
42,0800	0,0194
42,0900	0,0296
42,1000	0,0092
42,1100	0,0309
42,1200	0,0258
42,1300	0,0207
42,1400	0,0270
42,1500	0,0296
42,1600	0,0232
42,1700	0,0220
42,1800	0,0105
42,1900	0,0156
42,2000	0,0143
42,2100	0,0283
42,2200	0,0054
42,2300	0,0372
42,2400	0,0003
42,2500	0,0156
42,2600	0,0181
42,2700	0,0143
42,2800	0,0309
42,2900	0,0156
42,3000	0,0270
42,3100	0,0080
42,3200	0,0016
42,3300	0,0220
42,3400	0,0054
42,3500	0,0169
42,3600	-0,0073
42,3700	0,0347
42,3800	0,0131
42,3900	0,0283
42,4000	0,0054
42,4100	-0,0022
42,4200	0,0296
42,4300	0,0169
42,4400	0,0156
42,4500	0,0131
42,4600	0,0143
42,4700	0,0334
42,4800	0,0042
42,4900	0,0105
42,5000	0,0067
42,5100	0,0309
42,5200	0,0270
42,5300	-0,0060
42,5400	0,0258
42,5500	0,0169
42,5600	0,0359
42,5700	0,0359
42,5800	0,0258
42,5900	0,0258
42,6000	0,0029
42,6100	0,0258
42,6200	0,0169
42,6300	0,0118
42,6400	0,0207
42,6500	0,0258
42,6600	0,0131
42,6700	0,0181
42,6800	0,0042
42,6900	0,0359
42,7000	0,0309
42,7100	0,0207
42,7200	0,0194
42,7300	0,0181
42,7400	0,0067
42,7500	0,0296
42,7600	0,0131
42,7700	-0,0009
42,7800	0,0105
42,7900	0,0131
42,8000	0,0372
42,8100	0,0131
42,8200	0,0270
42,8300	0,0169
42,8400	0,0220
42,8500	0,0207
42,8600	0,0067
42,8700	0,0181
42,8800	0,0016
42,8900	0,0270
42,9000	0,0105
42,9100	0,0003
42,9200	0,0207
42,9300	0,0169
42,9400	0,0169
42,9500	0,0169
42,9600	0,0067
42,9700	0,0220
42,9800	0,0258
42,9900	0,0207
43,0000	0,0207
43,0100	0,0080
43,0200	0,0181
43,0300	0,0283
43,0400	0,0016
43,0500	0,0131
43,0600	0,0194
43,0700	0,0194
43,0800	0,0118
43,0900	0,0016
43,1000	0,0067
43,1100	0,0169
43,1200	0,0232
43,1300	0,0169
43,1400	0,0105
43,1500	0,0207
43,1600	0,0181
43,1700	0,0156
43,1800	0,0220
43,1900	0,0169
43,2000	0,0283
43,2100	0,0309
43,2200	-0,0047
43,2300	0,0232
43,2400	0,0194
43,2500	0,0042
43,2600	0,0169
43,2700	0,0194
43,2800	0,0207
43,2900	0,0347
43,3000	0,0131
43,3100	0,0245
43,3200	0,0143
43,3300	0,0270
43,3400	0,0181
43,3500	0,0270
43,3600	0,0105
43,3700	0,0321
43,3800	0,0169
43,3900	0,0118
43,4000	0,0181
43,4100	0,0181
43,4200	0,0181
43,4300	0,0118
43,4400	0,0410
43,4500	0,0181
43,4600	0,0143
43,4700	0,0156
43,4800	0,0283
43,4900	0,0105
43,5000	0,0245
43,5100	0,0194
43,5200	0,0156
43,5300	0,0245
43,5400	0,0105
43,5500	0,0080
43,5600	0,0207
