0,0000	1,4306
0,0100	1,3467
0,0200	1,3480
0,0300	1,3734
0,0400	1,2259
0,0500	1,2056
0,0600	1,2361
0,0700	1,1586
0,0800	1,2031
0,0900	1,1586
0,1000	1,0085
0,1100	1,0505
0,1200	1,0378
0,1300	1,0238
0,1400	1,0441
0,1500	0,9971
0,1600	0,7962
0,1700	0,9221
0,1800	0,8077
0,1900	0,8483
0,2000	0,8178
0,2100	0,7771
0,2200	0,8115
0,2300	0,7352
0,2400	0,6920
0,2500	0,6678
0,2600	0,6856
0,2700	0,6716
0,2800	0,5941
0,2900	0,5966
0,3000	0,5966
0,3100	0,5394
0,3200	0,5127
0,3300	0,5547
0,3400	0,4733
0,3500	0,4758
0,3600	0,5038
0,3700	0,4466
0,3800	0,4771
0,3900	0,4593
0,4000	0,4288
0,4100	0,4339
0,4200	0,3792
0,4300	0,4097
0,4400	0,4135
0,4500	0,3347
0,4600	0,3347
0,4700	0,3767
0,4800	0,3093
0,4900	0,3436
0,5000	0,3779
0,5100	0,3843
0,5200	0,4657
0,5300	0,4949
0,5400	0,4835
0,5500	0,4529
0,5600	0,4924
0,5700	0,4949
0,5800	0,5394
0,5900	0,5508
0,6000	0,5254
0,6100	0,6017
0,6200	0,5419
0,6300	0,5547
0,6400	0,5610
0,6500	0,6208
0,6600	0,6793
0,6700	0,6233
0,6800	0,6983
0,6900	0,7327
0,7000	0,6869
0,7100	0,7759
0,7200	0,7670
0,7300	0,7454
0,7400	0,7759
0,7500	0,7759
0,7600	0,7962
0,7700	0,7759
0,7800	0,7822
0,7900	0,7377
0,8000	0,7911
0,8100	0,7123
0,8200	0,6335
0,8300	0,6971
0,8400	0,6004
0,8500	0,6131
0,8600	0,5979
0,8700	0,6259
0,8800	0,5597
0,8900	0,5025
0,9000	0,5636
0,9100	0,5458
0,9200	0,5915
0,9300	0,6042
0,9400	0,5292
0,9500	0,6678
0,9600	0,6424
0,9700	0,6131
0,9800	0,6805
0,9900	0,6742
1,0000	0,6983
1,0100	0,7555
1,0200	0,7594
1,0300	0,7911
1,0400	0,7250
1,0500	0,8560
1,0600	0,8928
1,0700	0,9030
1,0800	0,9373
1,0900	1,0785
1,1000	1,0327
1,1100	1,0174
1,1200	1,1776
1,1300	1,2094
1,1400	1,4205
1,1500	1,2539
1,1600	1,6328
1,1700	1,4421
1,1800	1,6417
1,1900	1,7955
1,2000	1,8896
1,2100	2,0485
1,2200	2,3219
1,2300	2,3422
1,2400	2,2608
1,2500	2,4223
1,2600	3,0478
1,2700	3,1661
1,2800	3,6047
1,2900	3,7331
1,3000	4,3434
1,3100	4,7794
1,3200	4,4756
1,3300	5,0897
1,3400	6,2314
1,3500	6,0839
1,3600	7,1556
1,3700	6,8035
1,3800	7,5231
1,3900	8,9343
1,4000	9,5255
1,4100	10,3061
1,4200	10,6036
1,4300	10,6036
1,4400	10,6036
1,4500	10,6036
1,4600	10,6036
1,4700	10,6036
1,4800	9,4861
1,4900	8,3240
1,5000	6,6776
1,5100	6,8314
1,5200	5,3528
1,5300	3,2245
1,5400	1,9824
1,5500	1,2323
1,5600	0,6398
1,5700	0,2826
1,5800	0,4034
1,5900	0,2012
1,6000	0,1237
1,6100	0,1389
1,6200	0,0576
1,6300	0,0970
1,6400	0,0881
1,6500	0,0601
1,6600	0,0753
1,6700	0,0665
1,6800	0,0512
1,6900	0,0448
1,7000	0,0690
1,7100	0,0563
1,7200	0,0461
1,7300	0,0436
1,7400	0,0550
1,7500	0,0423
1,7600	0,0347
1,7700	0,0232
1,7800	0,0270
1,7900	0,0423
1,8000	0,0270
1,8100	0,0220
1,8200	0,0359
1,8300	0,0270
1,8400	0,0385
1,8500	0,0321
1,8600	0,0207
1,8700	0,0181
1,8800	0,0245
1,8900	0,0207
1,9000	0,0347
1,9100	0,0372
1,9200	0,0194
1,9300	0,0283
1,9400	0,0321
1,9500	0,0232
1,9600	0,0270
1,9700	0,0232
1,9800	0,0347
1,9900	0,0296
2,0000	0,0092
2,0100	0,0245
2,0200	0,0270
2,0300	0,0270
2,0400	0,0232
2,0500	0,0245
2,0600	0,0207
2,0700	0,0270
2,0800	0,0258
2,0900	0,0232
2,1000	0,0359
2,1100	0,0156
2,1200	0,0359
2,1300	0,0207
2,1400	0,0181
2,1500	0,0207
2,1600	0,0194
2,1700	0,0207
2,1800	0,0245
2,1900	0,0194
2,2000	0,0194
2,2100	0,0080
2,2200	0,0270
2,2300	0,0283
2,2400	0,0232
2,2500	0,0131
2,2600	0,0270
2,2700	0,0321
2,2800	0,0270
2,2900	0,0220
2,3000	0,0270
2,3100	0,0143
2,3200	0,0156
2,3300	0,0207
2,3400	0,0220
2,3500	0,0207
2,3600	0,0131
2,3700	0,0232
2,3800	0,0143
2,3900	0,0194
2,4000	0,0181
2,4100	0,0156
2,4200	0,0207
2,4300	0,0169
2,4400	0,0131
2,4500	0,0156
2,4600	0,0156
2,4700	0,0207
2,4800	0,0245
2,4900	0,0156
2,5000	0,0181
2,5100	0,0181
2,5200	0,0232
2,5300	0,0232
2,5400	0,0118
2,5500	0,0245
2,5600	0,0181
2,5700	0,0131
2,5800	0,0283
2,5900	0,0131
2,6000	0,0245
2,6100	0,0105
2,6200	0,0220
2,6300	0,0258
2,6400	0,0131
2,6500	0,0181
2,6600	0,0258
2,6700	0,0220
2,6800	0,0156
2,6900	0,0169
2,7000	0,0131
2,7100	0,0220
2,7200	0,0181
2,7300	0,0258
2,7400	0,0207
2,7500	0,0181
2,7600	0,0207
2,7700	0,0283
2,7800	0,0220
2,7900	0,0131
2,8000	0,0270
2,8100	0,0118
2,8200	0,0194
2,8300	0,0143
2,8400	0,0156
2,8500	0,0131
2,8600	0,0181
2,8700	0,0156
2,8800	0,0181
2,8900	0,0143
2,9000	0,0143
2,9100	0,0181
2,9200	0,0169
2,9300	0,0131
2,9400	0,0105
2,9500	0,0143
2,9600	0,0258
2,9700	0,0194
2,9800	0,0169
2,9900	0,0156
3,0000	0,0169
3,0100	0,0080
3,0200	0,0207
3,0300	0,0131
3,0400	0,0131
3,0500	0,0194
3,0600	0,0169
3,0700	0,0118
3,0800	0,0181
3,0900	0,0092
3,1000	0,0143
3,1100	0,0194
3,1200	0,0232
3,1300	0,0156
3,1400	0,0181
3,1500	0,0258
3,1600	0,0143
3,1700	0,0105
3,1800	0,0194
3,1900	0,0194
3,2000	0,0131
3,2100	0,0194
3,2200	0,0220
3,2300	0,0169
3,2400	0,0258
3,2500	0,0118
3,2600	0,0207
3,2700	0,0131
3,2800	0,0143
3,2900	0,0105
3,3000	0,0181
3,3100	0,0092
3,3200	0,0156
3,3300	0,0169
3,3400	0,0181
3,3500	0,0118
3,3600	0,0156
3,3700	0,0143
3,3800	0,0143
3,3900	0,0232
3,4000	0,0194
3,4100	0,0131
3,4200	0,0143
3,4300	0,0181
3,4400	0,0131
3,4500	0,0143
3,4600	0,0220
3,4700	0,0143
3,4800	0,0181
3,4900	0,0181
3,5000	0,0143
3,5100	0,0232
3,5200	0,0258
3,5300	0,0207
3,5400	0,0169
3,5500	0,0143
3,5600	0,0169
3,5700	0,0194
3,5800	0,0169
3,5900	0,0220
3,6000	0,0143
3,6100	0,0258
3,6200	0,0156
3,6300	0,0181
3,6400	0,0143
3,6500	0,0207
3,6600	0,0105
3,6700	0,0194
3,6800	0,0118
3,6900	0,0118
3,7000	0,0194
3,7100	0,0258
3,7200	0,0169
3,7300	0,0169
3,7400	0,0169
3,7500	0,0220
3,7600	0,0067
3,7700	0,0156
3,7800	0,0156
3,7900	0,0220
3,8000	0,0169
3,8100	0,0105
3,8200	0,0232
3,8300	0,0143
3,8400	0,0207
3,8500	0,0105
3,8600	0,0156
3,8700	0,0169
3,8800	0,0220
3,8900	0,0232
3,9000	0,0194
3,9100	0,0118
3,9200	0,0143
3,9300	0,0194
3,9400	0,0194
3,9500	0,0181
3,9600	0,0143
3,9700	0,0143
3,9800	0,0194
3,9900	0,0169
4,0000	0,0080
4,0100	0,0092
4,0200	0,0194
4,0300	0,0194
4,0400	0,0118
4,0500	0,0156
4,0600	0,0156
4,0700	0,0143
4,0800	0,0181
4,0900	0,0156
4,1000	0,0092
4,1100	0,0194
4,1200	0,0220
4,1300	0,0181
4,1400	0,0270
4,1500	0,0156
4,1600	0,0105
4,1700	0,0181
4,1800	0,0207
4,1900	0,0181
4,2000	0,0207
4,2100	0,0270
4,2200	0,0156
4,2300	0,0220
4,2400	0,0194
4,2500	0,0207
4,2600	0,0207
4,2700	0,0220
4,2800	0,0118
4,2900	0,0181
4,3000	0,0080
4,3100	0,0156
4,3200	0,0169
4,3300	0,0181
4,3400	0,0118
4,3500	0,0143
4,3600	0,0143
4,3700	0,0169
4,3800	0,0169
4,3900	0,0156
4,4000	0,0131
4,4100	0,0169
4,4200	0,0169
4,4300	0,0245
4,4400	0,0181
4,4500	0,0156
4,4600	0,0181
4,4700	0,0181
4,4800	0,0067
4,4900	0,0207
4,5000	0,0169
4,5100	0,0207
4,5200	0,0131
4,5300	0,0156
4,5400	0,0207
4,5500	0,0181
4,5600	0,0156
4,5700	0,0156
4,5800	0,0220
4,5900	0,0067
4,6000	0,0181
4,6100	0,0283
4,6200	0,0207
4,6300	0,0118
4,6400	0,0080
4,6500	0,0181
4,6600	0,0169
4,6700	0,0131
4,6800	0,0169
4,6900	0,0220
4,7000	0,0131
4,7100	0,0194
4,7200	0,0232
4,7300	0,0156
4,7400	0,0105
4,7500	0,0156
4,7600	0,0169
4,7700	0,0169
4,7800	0,0156
4,7900	0,0143
4,8000	0,0232
4,8100	0,0181
4,8200	0,0181
4,8300	0,0207
4,8400	0,0220
4,8500	0,0118
4,8600	0,0169
4,8700	0,0220
4,8800	0,0245
4,8900	0,0181
4,9000	0,0080
4,9100	0,0080
4,9200	0,0207
4,9300	0,0245
4,9400	0,0092
4,9500	0,0156
4,9600	0,0131
4,9700	0,0092
4,9800	0,0220
4,9900	0,0220
5,0000	0,0118
5,0100	0,0194
5,0200	0,0245
5,0300	0,0270
5,0400	0,0194
5,0500	0,0245
5,0600	0,0232
5,0700	0,0194
5,0800	0,0194
5,0900	0,0169
5,1000	0,0194
5,1100	0,0092
5,1200	0,0169
5,1300	0,0232
5,1400	0,0181
5,1500	0,0220
5,1600	0,0080
5,1700	0,0143
5,1800	0,0181
5,1900	0,0131
5,2000	0,0181
5,2100	0,0181
5,2200	0,0245
5,2300	0,0181
5,2400	0,0143
5,2500	0,0232
5,2600	0,0258
5,2700	0,0118
5,2800	0,0105
5,2900	0,0181
5,3000	0,0207
5,3100	0,0245
5,3200	0,0169
5,3300	0,0169
5,3400	0,0131
5,3500	0,0169
5,3600	0,0169
5,3700	0,0080
5,3800	0,0156
5,3900	0,0080
5,4000	0,0143
5,4100	0,0042
5,4200	0,0131
5,4300	0,0131
5,4400	0,0143
5,4500	0,0118
5,4600	0,0232
5,4700	0,0194
5,4800	0,0220
5,4900	0,0143
5,5000	0,0181
5,5100	0,0118
5,5200	0,0131
5,5300	0,0207
5,5400	0,0232
5,5500	0,0131
5,5600	0,0080
5,5700	0,0207
5,5800	0,0245
5,5900	0,0207
5,6000	0,0156
5,6100	0,0118
5,6200	0,0181
5,6300	0,0296
5,6400	0,0181
5,6500	0,0207
5,6600	0,0270
5,6700	0,0131
5,6800	0,0131
5,6900	0,0270
5,7000	0,0143
5,7100	0,0207
5,7200	0,0092
5,7300	0,0220
5,7400	0,0207
5,7500	0,0181
5,7600	0,0156
5,7700	0,0105
5,7800	0,0118
5,7900	0,0207
5,8000	0,0220
5,8100	0,0156
5,8200	0,0181
5,8300	0,0194
5,8400	0,0194
5,8500	0,0232
5,8600	0,0131
5,8700	0,0092
5,8800	0,0207
5,8900	0,0105
5,9000	0,0220
5,9100	0,0131
5,9200	0,0220
5,9300	0,0156
5,9400	0,0207
5,9500	0,0067
5,9600	0,0194
5,9700	0,0169
5,9800	0,0156
5,9900	0,0181
6,0000	0,0207
6,0100	0,0181
6,0200	0,0118
6,0300	0,0143
6,0400	0,0194
6,0500	0,0220
6,0600	0,0181
6,0700	0,0143
6,0800	0,0156
6,0900	0,0131
6,1000	0,0156
6,1100	0,0194
6,1200	0,0283
6,1300	0,0131
6,1400	0,0194
6,1500	0,0258
6,1600	0,0169
6,1700	0,0207
6,1800	0,0169
6,1900	0,0194
6,2000	0,0092
6,2100	0,0207
6,2200	0,0232
6,2300	0,0194
6,2400	0,0118
6,2500	0,0169
6,2600	0,0220
6,2700	0,0207
6,2800	0,0156
6,2900	0,0080
6,3000	0,0131
6,3100	0,0232
6,3200	0,0105
6,3300	0,0054
6,3400	0,0194
6,3500	0,0194
6,3600	0,0232
6,3700	0,0220
6,3800	0,0143
6,3900	0,0194
6,4000	0,0118
6,4100	0,0067
6,4200	0,0207
6,4300	0,0207
6,4400	0,0143
6,4500	0,0169
6,4600	0,0220
6,4700	0,0105
6,4800	0,0169
6,4900	0,0194
6,5000	0,0258
6,5100	0,0169
6,5200	0,0169
6,5300	0,0232
6,5400	0,0245
6,5500	0,0105
6,5600	0,0118
6,5700	0,0105
6,5800	0,0092
6,5900	0,0232
6,6000	0,0143
6,6100	0,0181
6,6200	0,0181
6,6300	0,0194
6,6400	0,0245
6,6500	0,0067
6,6600	0,0143
6,6700	0,0207
6,6800	0,0092
6,6900	0,0181
6,7000	0,0156
6,7100	0,0169
6,7200	0,0131
6,7300	0,0169
6,7400	0,0258
6,7500	0,0232
6,7600	0,0118
6,7700	0,0258
6,7800	0,0169
6,7900	0,0105
6,8000	0,0181
6,8100	0,0131
6,8200	0,0156
6,8300	0,0194
6,8400	0,0169
6,8500	0,0156
6,8600	0,0131
6,8700	0,0207
6,8800	0,0207
6,8900	0,0105
6,9000	0,0156
6,9100	0,0220
6,9200	0,0283
6,9300	0,0156
6,9400	0,0220
6,9500	0,0232
6,9600	0,0270
6,9700	0,0092
6,9800	0,0258
6,9900	0,0207
7,0000	0,0258
7,0100	0,0131
7,0200	0,0169
7,0300	0,0270
7,0400	0,0220
7,0500	0,0194
7,0600	0,0156
7,0700	0,0220
7,0800	0,0270
7,0900	0,0232
7,1000	0,0220
7,1100	0,0220
7,1200	0,0194
7,1300	0,0181
7,1400	0,0232
7,1500	0,0156
7,1600	0,0169
7,1700	0,0118
7,1800	0,0181
7,1900	0,0220
7,2000	0,0207
7,2100	0,0143
7,2200	0,0207
7,2300	0,0270
7,2400	0,0270
7,2500	0,0245
7,2600	0,0270
7,2700	0,0220
7,2800	0,0067
7,2900	0,0334
7,3000	0,0220
7,3100	0,0270
7,3200	0,0220
7,3300	0,0232
7,3400	0,0156
7,3500	0,0245
7,3600	0,0181
7,3700	0,0169
7,3800	0,0258
7,3900	0,0347
7,4000	0,0181
7,4100	0,0194
7,4200	0,0283
7,4300	0,0334
7,4400	0,0359
7,4500	0,0207
7,4600	0,0347
7,4700	0,0181
7,4800	0,0258
7,4900	0,0372
7,5000	0,0194
7,5100	0,0321
7,5200	0,0398
7,5300	0,0169
7,5400	0,0321
7,5500	0,0258
7,5600	0,0245
7,5700	0,0321
7,5800	0,0461
7,5900	0,0270
7,6000	0,0334
7,6100	0,0474
7,6200	0,0283
7,6300	0,0296
7,6400	0,0347
7,6500	0,0309
7,6600	0,0410
7,6700	0,0410
7,6800	0,0487
7,6900	0,0423
7,7000	0,0410
7,7100	0,0474
7,7200	0,0410
7,7300	0,0626
7,7400	0,0537
7,7500	0,0550
7,7600	0,0715
7,7700	0,0525
7,7800	0,0728
7,7900	0,0512
7,8000	0,0614
7,8100	0,0715
7,8200	0,0550
7,8300	0,0741
7,8400	0,0906
7,8500	0,0626
7,8600	0,0931
7,8700	0,0893
7,8800	0,0665
7,8900	0,1109
7,9000	0,0817
7,9100	0,0919
7,9200	0,0957
7,9300	0,1071
7,9400	0,0639
7,9500	0,0931
7,9600	0,0893
7,9700	0,0753
7,9800	0,0753
7,9900	0,0792
8,0000	0,0499
8,0100	0,0881
8,0200	0,0830
8,0300	0,0309
8,0400	0,0792
8,0500	0,0652
8,0600	0,0563
8,0700	0,0232
8,0800	0,0576
8,0900	0,0563
8,1000	0,0525
8,1100	0,0359
8,1200	0,0410
8,1300	0,0461
8,1400	0,0385
8,1500	0,0347
8,1600	0,0474
8,1700	0,0207
8,1800	0,0232
8,1900	0,0169
8,2000	0,0334
8,2100	0,0347
8,2200	0,0143
8,2300	0,0309
8,2400	0,0385
8,2500	0,0296
8,2600	0,0270
8,2700	0,0270
8,2800	0,0143
8,2900	0,0385
8,3000	0,0359
8,3100	0,0283
8,3200	0,0321
8,3300	0,0321
8,3400	0,0347
8,3500	0,0283
8,3600	0,0232
8,3700	0,0334
8,3800	0,0296
8,3900	0,0232
8,4000	0,0321
8,4100	0,0258
8,4200	0,0512
8,4300	0,0232
8,4400	0,0296
8,4500	0,0258
8,4600	0,0283
8,4700	0,0321
8,4800	0,0487
8,4900	0,0296
8,5000	0,0309
8,5100	0,0461
8,5200	0,0385
8,5300	0,0461
8,5400	0,0436
8,5500	0,0245
8,5600	0,0347
8,5700	0,0474
8,5800	0,0385
8,5900	0,0563
8,6000	0,0220
8,6100	0,0614
8,6200	0,0321
8,6300	0,0423
8,6400	0,0334
8,6500	0,0474
8,6600	0,0359
8,6700	0,0321
8,6800	0,0487
8,6900	0,0347
8,7000	0,0448
8,7100	0,0359
8,7200	0,0436
8,7300	0,0245
8,7400	0,0423
8,7500	0,0525
8,7600	0,0347
8,7700	0,0385
8,7800	0,0245
8,7900	0,0321
8,8000	0,0385
8,8100	0,0448
8,8200	0,0359
8,8300	0,0385
8,8400	0,0283
8,8500	0,0410
8,8600	0,0563
8,8700	0,0258
8,8800	0,0296
8,8900	0,0359
8,9000	0,0372
8,9100	0,0270
8,9200	0,0436
8,9300	0,0423
8,9400	0,0372
8,9500	0,0563
8,9600	0,0410
8,9700	0,0296
8,9800	0,0461
8,9900	0,0461
9,0000	0,0448
9,0100	0,0499
9,0200	0,0334
9,0300	0,0487
9,0400	0,0626
9,0500	0,0652
9,0600	0,0372
9,0700	0,0665
9,0800	0,0436
9,0900	0,0665
9,1000	0,0690
9,1100	0,0525
9,1200	0,0881
9,1300	0,0614
9,1400	0,0855
9,1500	0,0703
9,1600	0,0830
9,1700	0,1059
9,1800	0,0792
9,1900	0,1275
9,2000	0,0830
9,2100	0,0868
9,2200	0,1237
9,2300	0,0868
9,2400	0,0970
9,2500	0,0995
9,2600	0,1326
9,2700	0,0995
9,2800	0,0906
9,2900	0,1148
9,3000	0,1046
9,3100	0,1186
9,3200	0,1198
9,3300	0,0804
9,3400	0,1084
9,3500	0,0944
9,3600	0,0753
9,3700	0,0842
9,3800	0,1008
9,3900	0,1109
9,4000	0,0639
9,4100	0,0652
9,4200	0,0576
9,4300	0,0715
9,4400	0,0741
9,4500	0,0677
9,4600	0,0677
9,4700	0,0715
9,4800	0,0703
9,4900	0,0626
9,5000	0,0690
9,5100	0,0588
9,5200	0,0715
9,5300	0,0690
9,5400	0,0525
9,5500	0,0614
9,5600	0,0741
9,5700	0,0576
9,5800	0,0436
9,5900	0,0906
9,6000	0,0652
9,6100	0,0550
9,6200	0,0753
9,6300	0,0436
9,6400	0,0741
9,6500	0,0690
9,6600	0,0970
9,6700	0,0715
9,6800	0,0779
9,6900	0,0881
9,7000	0,0957
9,7100	0,1084
9,7200	0,1287
9,7300	0,0970
9,7400	0,1071
9,7500	0,1033
9,7600	0,1516
9,7700	0,1109
9,7800	0,1593
9,7900	0,1249
9,8000	0,1529
9,8100	0,1771
9,8200	0,1593
9,8300	0,1707
9,8400	0,1631
9,8500	0,1949
9,8600	0,1694
9,8700	0,2038
9,8800	0,1987
9,8900	0,2216
9,9000	0,2088
9,9100	0,2076
9,9200	0,2203
9,9300	0,2165
9,9400	0,2254
9,9500	0,1745
9,9600	0,2203
9,9700	0,1949
9,9800	0,1949
9,9900	0,1707
10,0000	0,1605
10,0100	0,1707
10,0200	0,1237
10,0300	0,1135
10,0400	0,1542
10,0500	0,1020
10,0600	0,1020
10,0700	0,1097
10,0800	0,1135
10,0900	0,1173
10,1000	0,1122
10,1100	0,0893
10,1200	0,1198
10,1300	0,1046
10,1400	0,0868
10,1500	0,0970
10,1600	0,1224
10,1700	0,0970
10,1800	0,1008
10,1900	0,0893
10,2000	0,0868
10,2100	0,1059
10,2200	0,1109
10,2300	0,1287
10,2400	0,1109
10,2500	0,0919
10,2600	0,1224
10,2700	0,1084
10,2800	0,0957
10,2900	0,1338
10,3000	0,1160
10,3100	0,1186
10,3200	0,1313
10,3300	0,1593
10,3400	0,1389
10,3500	0,1415
10,3600	0,1427
10,3700	0,1720
10,3800	0,1796
10,3900	0,2216
10,4000	0,2101
10,4100	0,1847
10,4200	0,2241
10,4300	0,2661
10,4400	0,2483
10,4500	0,2394
10,4600	0,2330
10,4700	0,2724
10,4800	0,2991
10,4900	0,2737
10,5000	0,2724
10,5100	0,3118
10,5200	0,3423
10,5300	0,3118
10,5400	0,3144
10,5500	0,3220
10,5600	0,2940
10,5700	0,2839
10,5800	0,3106
10,5900	0,3004
10,6000	0,2877
10,6100	0,2864
10,6200	0,2546
10,6300	0,2724
10,6400	0,2432
10,6500	0,2546
10,6600	0,2343
10,6700	0,1974
10,6800	0,2177
10,6900	0,2228
10,7000	0,1796
10,7100	0,2177
10,7200	0,1643
10,7300	0,1949
10,7400	0,1999
10,7500	0,1364
10,7600	0,1669
10,7700	0,1643
10,7800	0,1351
10,7900	0,1669
10,8000	0,1732
10,8100	0,1491
10,8200	0,1580
10,8300	0,1809
10,8400	0,1504
10,8500	0,1949
10,8600	0,1796
10,8700	0,1682
10,8800	0,2127
10,8900	0,1809
10,9000	0,1987
10,9100	0,1605
10,9200	0,2088
10,9300	0,2622
10,9400	0,1936
10,9500	0,2088
10,9600	0,2737
10,9700	0,2711
10,9800	0,2750
10,9900	0,2889
11,0000	0,3055
11,0100	0,3640
11,0200	0,3474
11,0300	0,3360
11,0400	0,4262
11,0500	0,3601
11,0600	0,3957
11,0700	0,4669
11,0800	0,5025
11,0900	0,4542
11,1000	0,5102
11,1100	0,5102
11,1200	0,5152
11,1300	0,5407
11,1400	0,6042
11,1500	0,5686
11,1600	0,6246
11,1700	0,5356
11,1800	0,6386
11,1900	0,5407
11,2000	0,5966
11,2100	0,5241
11,2200	0,5547
11,2300	0,5076
11,2400	0,5127
11,2500	0,4809
11,2600	0,5089
11,2700	0,4212
11,2800	0,4479
11,2900	0,3703
11,3000	0,4046
11,3100	0,3919
11,3200	0,3907
11,3300	0,3512
11,3400	0,3233
11,3500	0,3678
11,3600	0,3029
11,3700	0,2915
11,3800	0,3373
11,3900	0,2813
11,4000	0,3258
11,4100	0,3334
11,4200	0,3195
11,4300	0,3106
11,4400	0,3309
11,4500	0,3220
11,4600	0,3462
11,4700	0,3284
11,4800	0,3614
11,4900	0,3678
11,5000	0,3500
11,5100	0,3792
11,5200	0,3678
11,5300	0,4402
11,5400	0,4440
11,5500	0,4224
11,5600	0,4847
11,5700	0,4695
11,5800	0,5051
11,5900	0,5534
11,6000	0,6297
11,6100	0,6780
11,6200	0,6411
11,6300	0,7123
11,6400	0,7212
11,6500	0,7301
11,6600	0,8471
11,6700	0,9043
11,6800	1,0391
11,6900	0,9653
11,7000	1,1204
11,7100	1,1484
11,7200	1,1827
11,7300	1,3238
11,7400	1,3429
11,7500	1,4205
11,7600	1,4980
11,7700	1,5298
11,7800	1,5273
11,7900	1,5832
11,8000	1,6506
11,8100	1,5451
11,8200	1,6239
11,8300	1,5095
11,8400	1,5184
11,8500	1,6506
11,8600	1,5349
11,8700	1,4052
11,8800	1,3531
11,8900	1,2590
11,9000	1,2323
11,9100	1,0874
11,9200	1,1344
11,9300	1,0467
11,9400	0,8700
11,9500	0,9729
11,9600	0,7352
11,9700	0,6627
11,9800	0,6615
11,9900	0,6335
12,0000	0,6398
12,0100	0,5114
12,0200	0,5330
12,0300	0,4148
12,0400	0,4860
12,0500	0,4555
12,0600	0,3334
12,0700	0,4161
12,0800	0,3258
12,0900	0,3334
12,1000	0,2444
12,1100	0,2546
12,1200	0,2673
12,1300	0,2419
12,1400	0,2190
12,1500	0,1694
12,1600	0,1872
12,1700	0,1669
12,1800	0,1326
12,1900	0,1415
12,2000	0,1300
12,2100	0,0944
12,2200	0,1148
12,2300	0,0537
12,2400	0,0741
12,2500	0,0537
12,2600	0,0563
12,2700	0,0601
12,2800	0,0512
12,2900	0,0283
12,3000	0,0372
12,3100	0,0283
12,3200	0,0296
12,3300	0,0156
12,3400	0,0487
12,3500	0,0156
12,3600	0,0309
12,3700	0,0359
12,3800	0,0143
12,3900	0,0270
12,4000	0,0296
12,4100	0,0309
12,4200	0,0270
12,4300	0,0270
12,4400	0,0359
12,4500	0,0220
12,4600	0,0296
12,4700	0,0436
12,4800	0,0220
12,4900	0,0283
12,5000	0,0181
12,5100	0,0410
12,5200	0,0270
12,5300	0,0385
12,5400	0,0207
12,5500	0,0270
12,5600	0,0258
12,5700	0,0270
12,5800	0,0220
12,5900	0,0309
12,6000	0,0321
12,6100	0,0283
12,6200	0,0258
12,6300	0,0169
12,6400	0,0258
12,6500	0,0321
12,6600	0,0207
12,6700	0,0207
12,6800	0,0283
12,6900	0,0181
12,7000	0,0245
12,7100	0,0258
12,7200	0,0194
12,7300	0,0245
12,7400	0,0270
12,7500	0,0283
12,7600	0,0296
12,7700	0,0207
12,7800	0,0194
12,7900	0,0194
12,8000	0,0359
12,8100	0,0309
12,8200	0,0118
12,8300	0,0194
12,8400	0,0232
12,8500	0,0181
12,8600	0,0258
12,8700	0,0270
12,8800	0,0118
12,8900	0,0220
12,9000	0,0398
12,9100	0,0245
12,9200	0,0207
12,9300	0,0347
12,9400	0,0372
12,9500	0,0169
12,9600	0,0232
12,9700	0,0385
12,9800	0,0334
12,9900	0,0347
13,0000	0,0309
13,0100	0,0309
13,0200	0,0283
13,0300	0,0359
13,0400	0,0245
13,0500	0,0309
13,0600	0,0283
13,0700	0,0385
13,0800	0,0270
13,0900	0,0334
13,1000	0,0563
13,1100	0,0194
13,1200	0,0309
13,1300	0,0423
13,1400	0,0283
13,1500	0,0309
13,1600	0,0296
13,1700	0,0347
13,1800	0,0398
13,1900	0,0359
13,2000	0,0359
13,2100	0,0410
13,2200	0,0207
13,2300	0,0423
13,2400	0,0385
13,2500	0,0258
13,2600	0,0258
13,2700	0,0232
13,2800	0,0220
13,2900	0,0296
13,3000	0,0270
13,3100	0,0372
13,3200	0,0309
13,3300	0,0309
13,3400	0,0270
13,3500	0,0270
13,3600	0,0245
13,3700	0,0169
13,3800	0,0220
13,3900	0,0220
13,4000	0,0194
13,4100	0,0181
13,4200	0,0245
13,4300	0,0181
13,4400	0,0207
13,4500	0,0309
13,4600	0,0194
13,4700	0,0143
13,4800	0,0181
13,4900	0,0181
13,5000	0,0194
13,5100	0,0181
13,5200	0,0194
13,5300	0,0181
13,5400	0,0156
13,5500	0,0207
13,5600	0,0258
13,5700	0,0143
13,5800	0,0156
13,5900	0,0245
13,6000	0,0181
13,6100	0,0194
13,6200	0,0207
13,6300	0,0092
13,6400	0,0181
13,6500	0,0283
13,6600	0,0181
13,6700	0,0245
13,6800	0,0118
13,6900	0,0131
13,7000	0,0220
13,7100	0,0118
13,7200	0,0207
13,7300	0,0181
13,7400	0,0054
13,7500	0,0105
13,7600	0,0143
13,7700	0,0143
13,7800	0,0258
13,7900	0,0220
13,8000	0,0270
13,8100	0,0156
13,8200	0,0118
13,8300	0,0232
13,8400	0,0194
13,8500	0,0207
13,8600	0,0181
13,8700	0,0118
13,8800	0,0181
13,8900	0,0232
13,9000	0,0105
13,9100	0,0270
13,9200	0,0245
13,9300	0,0207
13,9400	0,0143
13,9500	0,0207
13,9600	0,0220
13,9700	0,0118
13,9800	0,0207
13,9900	0,0181
14,0000	0,0232
14,0100	0,0169
14,0200	0,0232
14,0300	0,0207
14,0400	0,0245
14,0500	0,0220
14,0600	0,0232
14,0700	0,0207
14,0800	0,0169
14,0900	0,0092
14,1000	0,0245
14,1100	0,0131
14,1200	0,0309
14,1300	0,0181
14,1400	0,0258
14,1500	0,0283
14,1600	0,0181
14,1700	0,0169
14,1800	0,0296
14,1900	0,0283
14,2000	0,0270
14,2100	0,0207
14,2200	0,0258
14,2300	0,0207
14,2400	0,0105
14,2500	0,0296
14,2600	0,0181
14,2700	0,0220
14,2800	0,0169
14,2900	0,0220
14,3000	0,0398
14,3100	0,0207
14,3200	0,0334
14,3300	0,0258
14,3400	0,0423
14,3500	0,0258
14,3600	0,0359
14,3700	0,0359
14,3800	0,0334
14,3900	0,0283
14,4000	0,0283
14,4100	0,0385
14,4200	0,0385
14,4300	0,0283
14,4400	0,0410
14,4500	0,0525
14,4600	0,0258
14,4700	0,0398
14,4800	0,0232
14,4900	0,0270
14,5000	0,0359
14,5100	0,0270
14,5200	0,0169
14,5300	0,0410
14,5400	0,0207
14,5500	0,0270
14,5600	0,0283
14,5700	0,0131
14,5800	0,0245
14,5900	0,0334
14,6000	0,0283
14,6100	0,0207
14,6200	0,0245
14,6300	0,0181
14,6400	0,0156
14,6500	0,0283
14,6600	0,0131
14,6700	0,0143
14,6800	0,0156
14,6900	0,0156
14,7000	0,0207
14,7100	0,0092
14,7200	0,0105
14,7300	0,0181
14,7400	0,0207
14,7500	0,0156
14,7600	0,0270
14,7700	0,0270
14,7800	0,0245
14,7900	0,0143
14,8000	0,0156
14,8100	0,0181
14,8200	0,0245
14,8300	0,0321
14,8400	0,0181
14,8500	0,0232
14,8600	0,0220
14,8700	0,0220
14,8800	0,0270
14,8900	0,0194
14,9000	0,0283
14,9100	0,0270
14,9200	0,0181
14,9300	0,0245
14,9400	0,0283
14,9500	0,0270
14,9600	0,0347
14,9700	0,0270
14,9800	0,0321
14,9900	0,0169
15,0000	0,0321
15,0100	0,0245
15,0200	0,0258
15,0300	0,0220
15,0400	0,0181
15,0500	0,0283
15,0600	0,0232
15,0700	0,0321
15,0800	0,0245
15,0900	0,0232
15,1000	0,0321
15,1100	0,0181
15,1200	0,0258
15,1300	0,0207
15,1400	0,0334
15,1500	0,0207
15,1600	0,0296
15,1700	0,0169
15,1800	0,0334
15,1900	0,0143
15,2000	0,0372
15,2100	0,0334
15,2200	0,0296
15,2300	0,0270
15,2400	0,0258
15,2500	0,0169
15,2600	0,0181
15,2700	0,0181
15,2800	0,0181
15,2900	0,0245
15,3000	0,0283
15,3100	0,0169
15,3200	0,0194
15,3300	0,0220
15,3400	0,0258
15,3500	0,0270
15,3600	0,0283
15,3700	0,0270
15,3800	0,0309
15,3900	0,0169
15,4000	0,0131
15,4100	0,0232
15,4200	0,0207
15,4300	0,0270
15,4400	0,0207
15,4500	0,0334
15,4600	0,0156
15,4700	0,0232
15,4800	0,0194
15,4900	0,0207
15,5000	0,0118
15,5100	0,0283
15,5200	0,0105
15,5300	0,0283
15,5400	0,0169
15,5500	0,0169
15,5600	0,0156
15,5700	0,0385
15,5800	0,0207
15,5900	0,0321
15,6000	0,0283
15,6100	0,0194
15,6200	0,0232
15,6300	0,0207
15,6400	0,0270
15,6500	0,0207
15,6600	0,0194
15,6700	0,0169
15,6800	0,0283
15,6900	0,0334
15,7000	0,0245
15,7100	0,0181
15,7200	0,0309
15,7300	0,0181
15,7400	0,0232
15,7500	0,0283
15,7600	0,0359
15,7700	0,0143
15,7800	0,0309
15,7900	0,0283
15,8000	0,0156
15,8100	0,0270
15,8200	0,0296
15,8300	0,0156
15,8400	0,0296
15,8500	0,0334
15,8600	0,0143
15,8700	0,0321
15,8800	0,0220
15,8900	0,0232
15,9000	0,0181
15,9100	0,0220
15,9200	0,0131
15,9300	0,0309
15,9400	0,0245
15,9500	0,0372
15,9600	0,0334
15,9700	0,0270
15,9800	0,0258
15,9900	0,0143
16,0000	0,0131
16,0100	0,0334
16,0200	0,0194
16,0300	0,0220
16,0400	0,0296
16,0500	0,0283
16,0600	0,0270
16,0700	0,0181
16,0800	0,0245
16,0900	0,0512
16,1000	0,0194
16,1100	0,0334
16,1200	0,0296
16,1300	0,0283
16,1400	0,0372
16,1500	0,0334
16,1600	0,0398
16,1700	0,0245
16,1800	0,0436
16,1900	0,0423
16,2000	0,0270
16,2100	0,0270
16,2200	0,0372
16,2300	0,0245
16,2400	0,0372
16,2500	0,0283
16,2600	0,0347
16,2700	0,0334
16,2800	0,0372
16,2900	0,0359
16,3000	0,0232
16,3100	0,0436
16,3200	0,0423
16,3300	0,0270
16,3400	0,0525
16,3500	0,0321
16,3600	0,0487
16,3700	0,0283
16,3800	0,0487
16,3900	0,0448
16,4000	0,0550
16,4100	0,0537
16,4200	0,0614
16,4300	0,0537
16,4400	0,0385
16,4500	0,0601
16,4600	0,0309
16,4700	0,0550
16,4800	0,0410
16,4900	0,0499
16,5000	0,0499
16,5100	0,0474
16,5200	0,0423
16,5300	0,0398
16,5400	0,0525
16,5500	0,0410
16,5600	0,0550
16,5700	0,0309
16,5800	0,0448
16,5900	0,0499
16,6000	0,0436
16,6100	0,0347
16,6200	0,0398
16,6300	0,0474
16,6400	0,0321
16,6500	0,0614
16,6600	0,0398
16,6700	0,0499
16,6800	0,0474
16,6900	0,0461
16,7000	0,0512
16,7100	0,0487
16,7200	0,0614
16,7300	0,0487
16,7400	0,0461
16,7500	0,0588
16,7600	0,0563
16,7700	0,0563
16,7800	0,0728
16,7900	0,0448
16,8000	0,0690
16,8100	0,0512
16,8200	0,0677
16,8300	0,0690
16,8400	0,0728
16,8500	0,0525
16,8600	0,0665
16,8700	0,1071
16,8800	0,0690
16,8900	0,0690
16,9000	0,0817
16,9100	0,0690
16,9200	0,0855
16,9300	0,1135
16,9400	0,0893
16,9500	0,0970
16,9600	0,0868
16,9700	0,0919
16,9800	0,0970
16,9900	0,1020
17,0000	0,1020
17,0100	0,1300
17,0200	0,1160
17,0300	0,1135
17,0400	0,1173
17,0500	0,1198
17,0600	0,1287
17,0700	0,1237
17,0800	0,1338
17,0900	0,1313
17,1000	0,1338
17,1100	0,1389
17,1200	0,1186
17,1300	0,1300
17,1400	0,0931
17,1500	0,1249
17,1600	0,1046
17,1700	0,1275
17,1800	0,1109
17,1900	0,1389
17,2000	0,1097
17,2100	0,1275
17,2200	0,1097
17,2300	0,1211
17,2400	0,0830
17,2500	0,1135
17,2600	0,0957
17,2700	0,1173
17,2800	0,0868
17,2900	0,1109
17,3000	0,1046
17,3100	0,0868
17,3200	0,1046
17,3300	0,0995
17,3400	0,0970
17,3500	0,1198
17,3600	0,0995
17,3700	0,0931
17,3800	0,1122
17,3900	0,1020
17,4000	0,1148
17,4100	0,0919
17,4200	0,1224
17,4300	0,0868
17,4400	0,1186
17,4500	0,1326
17,4600	0,1097
17,4700	0,1198
17,4800	0,1237
17,4900	0,1186
17,5000	0,1402
17,5100	0,1198
17,5200	0,1287
17,5300	0,1567
17,5400	0,1389
17,5500	0,1516
17,5600	0,1745
17,5700	0,1287
17,5800	0,1910
17,5900	0,1707
17,6000	0,1732
17,6100	0,1847
17,6200	0,1936
17,6300	0,2063
17,6400	0,1936
17,6500	0,2266
17,6600	0,1974
17,6700	0,2584
17,6800	0,2228
17,6900	0,2610
17,7000	0,2305
17,7100	0,2940
17,7200	0,2470
17,7300	0,2966
17,7400	0,2343
17,7500	0,2800
17,7600	0,2584
17,7700	0,2699
17,7800	0,2584
17,7900	0,2495
17,8000	0,3106
17,8100	0,2839
17,8200	0,2762
17,8300	0,2597
17,8400	0,3067
17,8500	0,2368
17,8600	0,2648
17,8700	0,2762
17,8800	0,2521
17,8900	0,2406
17,9000	0,2597
17,9100	0,2584
17,9200	0,2521
17,9300	0,2889
17,9400	0,2597
17,9500	0,2762
17,9600	0,2724
17,9700	0,2775
17,9800	0,2699
17,9900	0,2762
18,0000	0,3309
18,0100	0,2978
18,0200	0,3284
18,0300	0,2839
18,0400	0,3462
18,0500	0,3284
18,0600	0,3512
18,0700	0,3690
18,0800	0,3296
18,0900	0,3512
18,1000	0,4021
18,1100	0,3805
18,1200	0,4682
18,1300	0,4313
18,1400	0,5102
18,1500	0,4657
18,1600	0,4809
18,1700	0,5254
18,1800	0,5458
18,1900	0,6055
18,2000	0,6004
18,2100	0,7682
18,2200	0,5953
18,2300	0,7657
18,2400	0,7339
18,2500	0,7784
18,2600	0,8382
18,2700	0,9424
18,2800	0,8967
18,2900	0,9284
18,3000	0,9424
18,3100	1,0162
18,3200	1,1204
18,3300	1,1077
18,3400	1,1967
18,3500	1,2081
18,3600	1,2615
18,3700	1,2209
18,3800	1,1903
18,3900	1,1992
18,4000	1,2005
18,4100	1,1611
18,4200	1,1865
18,4300	1,1738
18,4400	1,0772
18,4500	1,0874
18,4600	1,0530
18,4700	1,0047
18,4800	0,9132
18,4900	0,8865
18,5000	0,8941
18,5100	0,7835
18,5200	0,7644
18,5300	0,7403
18,5400	0,7021
18,5500	0,6309
18,5600	0,6487
18,5700	0,5750
18,5800	0,5890
18,5900	0,4733
18,6000	0,4682
18,6100	0,4517
18,6200	0,4682
18,6300	0,4237
18,6400	0,4377
18,6500	0,3996
18,6600	0,3665
18,6700	0,3805
18,6800	0,3156
18,6900	0,3233
18,7000	0,3004
18,7100	0,3245
18,7200	0,2889
18,7300	0,2889
18,7400	0,2635
18,7500	0,2648
18,7600	0,2330
18,7700	0,2711
18,7800	0,2546
18,7900	0,2368
18,8000	0,2470
18,8100	0,2114
18,8200	0,2025
18,8300	0,2266
18,8400	0,1834
18,8500	0,2203
18,8600	0,2127
18,8700	0,2266
18,8800	0,1910
18,8900	0,2139
18,9000	0,1923
18,9100	0,2190
18,9200	0,2038
18,9300	0,1872
18,9400	0,2216
18,9500	0,2101
18,9600	0,2330
18,9700	0,2038
18,9800	0,2177
18,9900	0,2050
19,0000	0,2444
19,0100	0,1974
19,0200	0,2127
19,0300	0,2317
19,0400	0,2177
19,0500	0,2266
19,0600	0,1961
19,0700	0,1885
19,0800	0,2063
19,0900	0,1669
19,1000	0,2076
19,1100	0,1643
19,1200	0,1847
19,1300	0,1745
19,1400	0,1834
19,1500	0,1618
19,1600	0,1669
19,1700	0,1300
19,1800	0,1554
19,1900	0,1249
19,2000	0,1338
19,2100	0,1122
19,2200	0,1313
19,2300	0,1033
19,2400	0,1020
19,2500	0,0906
19,2600	0,1186
19,2700	0,0830
19,2800	0,0957
19,2900	0,1020
19,3000	0,0766
19,3100	0,0741
19,3200	0,0753
19,3300	0,0766
19,3400	0,0792
19,3500	0,0715
19,3600	0,0665
19,3700	0,0601
19,3800	0,0576
19,3900	0,0703
19,4000	0,0677
19,4100	0,0639
19,4200	0,0639
19,4300	0,0525
19,4400	0,0461
19,4500	0,0614
19,4600	0,0512
19,4700	0,0296
19,4800	0,0639
19,4900	0,0525
19,5000	0,0703
19,5100	0,0537
19,5200	0,0461
19,5300	0,0652
19,5400	0,0436
19,5500	0,0614
19,5600	0,0487
19,5700	0,0537
19,5800	0,0563
19,5900	0,0525
19,6000	0,0626
19,6100	0,0626
19,6200	0,0626
19,6300	0,0487
19,6400	0,0728
19,6500	0,0626
19,6600	0,0639
19,6700	0,0792
19,6800	0,0690
19,6900	0,0741
19,7000	0,0652
19,7100	0,0550
19,7200	0,0728
19,7300	0,0601
19,7400	0,0741
19,7500	0,0563
19,7600	0,0779
19,7700	0,0550
19,7800	0,0715
19,7900	0,0436
19,8000	0,0614
19,8100	0,0817
19,8200	0,0588
19,8300	0,0614
19,8400	0,0448
19,8500	0,0550
19,8600	0,0372
19,8700	0,0537
19,8800	0,0474
19,8900	0,0321
19,9000	0,0601
19,9100	0,0372
19,9200	0,0487
19,9300	0,0220
19,9400	0,0359
19,9500	0,0258
19,9600	0,0334
19,9700	0,0398
19,9800	0,0296
19,9900	0,0207
20,0000	0,0283
20,0100	0,0321
20,0200	0,0296
20,0300	0,0207
20,0400	0,0423
20,0500	0,0270
20,0600	0,0283
20,0700	0,0194
20,0800	0,0283
20,0900	0,0347
20,1000	0,0372
20,1100	0,0270
20,1200	0,0296
20,1300	0,0283
20,1400	0,0270
20,1500	0,0258
20,1600	0,0372
20,1700	0,0220
20,1800	0,0372
20,1900	0,0296
20,2000	0,0487
20,2100	0,0283
20,2200	0,0334
20,2300	0,0258
20,2400	0,0207
20,2500	0,0207
20,2600	0,0321
20,2700	0,0296
20,2800	0,0169
20,2900	0,0359
20,3000	0,0474
20,3100	0,0181
20,3200	0,0474
20,3300	0,0347
20,3400	0,0283
20,3500	0,0436
20,3600	0,0181
20,3700	0,0398
20,3800	0,0270
20,3900	0,0245
20,4000	0,0423
20,4100	0,0487
20,4200	0,0423
20,4300	0,0372
20,4400	0,0347
20,4500	0,0296
20,4600	0,0359
20,4700	0,0321
20,4800	0,0181
20,4900	0,0398
20,5000	0,0245
20,5100	0,0359
20,5200	0,0347
20,5300	0,0245
20,5400	0,0321
20,5500	0,0270
20,5600	0,0283
20,5700	0,0283
20,5800	0,0334
20,5900	0,0220
20,6000	0,0220
20,6100	0,0232
20,6200	0,0359
20,6300	0,0220
20,6400	0,0334
20,6500	0,0220
20,6600	0,0347
20,6700	0,0054
20,6800	0,0131
20,6900	0,0105
20,7000	0,0309
20,7100	0,0067
20,7200	0,0309
20,7300	0,0194
20,7400	0,0258
20,7500	0,0334
20,7600	0,0232
20,7700	0,0245
20,7800	0,0220
20,7900	0,0283
20,8000	0,0270
20,8100	0,0283
20,8200	0,0398
20,8300	0,0474
20,8400	0,0283
20,8500	0,0283
20,8600	0,0347
20,8700	0,0118
20,8800	0,0321
20,8900	0,0347
20,9000	0,0398
20,9100	0,0245
20,9200	0,0283
20,9300	0,0385
20,9400	0,0169
20,9500	0,0359
20,9600	0,0448
20,9700	0,0245
20,9800	0,0347
20,9900	0,0309
21,0000	0,0436
21,0100	0,0436
21,0200	0,0398
21,0300	0,0461
21,0400	0,0347
21,0500	0,0474
21,0600	0,0487
21,0700	0,0258
21,0800	0,0398
21,0900	0,0220
21,1000	0,0372
21,1100	0,0270
21,1200	0,0334
21,1300	0,0309
21,1400	0,0296
21,1500	0,0321
21,1600	0,0270
21,1700	0,0207
21,1800	0,0245
21,1900	0,0334
21,2000	0,0118
21,2100	0,0296
21,2200	0,0169
21,2300	0,0347
21,2400	0,0156
21,2500	0,0296
21,2600	0,0080
21,2700	0,0296
21,2800	0,0220
21,2900	0,0258
21,3000	0,0232
21,3100	0,0181
21,3200	0,0220
21,3300	0,0232
21,3400	0,0296
21,3500	0,0232
21,3600	0,0169
21,3700	0,0321
21,3800	0,0258
21,3900	0,0321
21,4000	0,0232
21,4100	0,0181
21,4200	0,0169
21,4300	0,0245
21,4400	0,0296
21,4500	0,0105
21,4600	0,0156
21,4700	0,0169
21,4800	0,0359
21,4900	0,0207
21,5000	0,0105
21,5100	0,0270
21,5200	0,0283
21,5300	0,0169
21,5400	0,0156
21,5500	0,0220
21,5600	0,0296
21,5700	0,0118
21,5800	0,0169
21,5900	0,0181
21,6000	0,0385
21,6100	0,0245
21,6200	0,0283
21,6300	0,0258
21,6400	0,0169
21,6500	0,0156
21,6600	0,0207
21,6700	0,0258
21,6800	0,0347
21,6900	0,0169
21,7000	0,0296
21,7100	0,0080
21,7200	0,0207
21,7300	0,0245
21,7400	0,0181
21,7500	0,0258
21,7600	0,0258
21,7700	0,0296
21,7800	0,0220
21,7900	0,0245
21,8000	0,0169
21,8100	0,0105
21,8200	0,0220
21,8300	0,0270
21,8400	0,0207
21,8500	0,0347
21,8600	0,0131
21,8700	0,0359
21,8800	0,0118
21,8900	0,0232
21,9000	0,0143
21,9100	0,0232
21,9200	0,0181
21,9300	0,0181
21,9400	0,0283
21,9500	0,0232
21,9600	0,0258
21,9700	0,0207
21,9800	0,0232
21,9900	0,0156
22,0000	0,0143
22,0100	0,0232
22,0200	0,0220
22,0300	0,0296
22,0400	0,0207
22,0500	0,0220
22,0600	0,0245
22,0700	0,0258
22,0800	0,0194
22,0900	0,0220
22,1000	0,0118
22,1100	0,0207
22,1200	0,0232
22,1300	0,0181
22,1400	0,0194
22,1500	0,0258
22,1600	0,0143
22,1700	0,0245
22,1800	0,0283
22,1900	0,0181
22,2000	0,0283
22,2100	0,0181
22,2200	0,0169
22,2300	0,0131
22,2400	0,0181
22,2500	0,0194
22,2600	0,0080
22,2700	0,0156
22,2800	0,0156
22,2900	0,0220
22,3000	0,0092
22,3100	0,0181
22,3200	0,0258
22,3300	0,0270
22,3400	0,0309
22,3500	0,0194
22,3600	0,0181
22,3700	0,0245
22,3800	0,0283
22,3900	0,0092
22,4000	0,0334
22,4100	0,0181
22,4200	0,0207
22,4300	0,0169
22,4400	0,0181
22,4500	0,0245
22,4600	0,0092
22,4700	0,0181
22,4800	0,0321
22,4900	0,0156
22,5000	0,0156
22,5100	0,0245
22,5200	0,0220
22,5300	0,0156
22,5400	0,0296
22,5500	0,0245
22,5600	0,0194
22,5700	0,0220
22,5800	0,0258
22,5900	0,0143
22,6000	0,0169
22,6100	0,0118
22,6200	0,0156
22,6300	0,0232
22,6400	0,0207
22,6500	0,0232
22,6600	0,0181
22,6700	0,0118
22,6800	0,0258
22,6900	0,0359
22,7000	0,0169
22,7100	0,0232
22,7200	0,0143
22,7300	0,0232
22,7400	0,0156
22,7500	0,0232
22,7600	0,0194
22,7700	0,0258
22,7800	0,0105
22,7900	0,0169
22,8000	0,0181
22,8100	0,0207
22,8200	0,0143
22,8300	0,0309
22,8400	0,0105
22,8500	0,0105
22,8600	0,0169
22,8700	0,0232
22,8800	0,0232
22,8900	0,0194
22,9000	0,0181
22,9100	0,0347
22,9200	0,0067
22,9300	0,0207
22,9400	0,0309
22,9500	0,0245
22,9600	0,0169
22,9700	0,0220
22,9800	0,0270
22,9900	0,0169
23,0000	0,0347
23,0100	0,0245
23,0200	0,0270
23,0300	0,0347
23,0400	0,0156
23,0500	0,0194
23,0600	0,0118
23,0700	0,0270
23,0800	0,0143
23,0900	0,0245
23,1000	0,0232
23,1100	0,0067
23,1200	0,0347
23,1300	0,0054
23,1400	0,0296
23,1500	0,0321
23,1600	0,0143
23,1700	0,0169
23,1800	0,0245
23,1900	0,0232
23,2000	0,0321
23,2100	0,0258
23,2200	0,0207
23,2300	0,0207
23,2400	0,0309
23,2500	0,0181
23,2600	0,0296
23,2700	0,0105
23,2800	0,0270
23,2900	0,0321
23,3000	0,0232
23,3100	0,0296
23,3200	0,0143
23,3300	0,0270
23,3400	0,0296
23,3500	0,0245
23,3600	0,0258
23,3700	0,0296
23,3800	0,0181
23,3900	0,0359
23,4000	0,0245
23,4100	0,0321
23,4200	0,0181
23,4300	0,0410
23,4400	0,0270
23,4500	0,0143
23,4600	0,0296
23,4700	0,0270
23,4800	0,0245
23,4900	0,0258
23,5000	0,0283
23,5100	0,0372
23,5200	0,0372
23,5300	0,0258
23,5400	0,0359
23,5500	0,0296
23,5600	0,0283
23,5700	0,0347
23,5800	0,0296
23,5900	0,0207
23,6000	0,0410
23,6100	0,0410
23,6200	0,0461
23,6300	0,0296
23,6400	0,0270
23,6500	0,0283
23,6600	0,0372
23,6700	0,0296
23,6800	0,0347
23,6900	0,0258
23,7000	0,0321
23,7100	0,0283
23,7200	0,0321
23,7300	0,0296
23,7400	0,0270
23,7500	0,0309
23,7600	0,0334
23,7700	0,0245
23,7800	0,0207
23,7900	0,0283
23,8000	0,0220
23,8100	0,0169
23,8200	0,0207
23,8300	0,0385
23,8400	0,0245
23,8500	0,0194
23,8600	0,0461
23,8700	0,0181
23,8800	0,0105
23,8900	0,0283
23,9000	0,0283
23,9100	0,0245
23,9200	0,0296
23,9300	0,0270
23,9400	0,0169
23,9500	0,0309
23,9600	0,0232
23,9700	0,0143
23,9800	0,0207
23,9900	0,0156
24,0000	0,0296
24,0100	0,0156
24,0200	0,0283
24,0300	0,0194
24,0400	0,0372
24,0500	0,0143
24,0600	0,0270
24,0700	0,0194
24,0800	0,0309
24,0900	0,0143
24,1000	0,0220
24,1100	0,0258
24,1200	0,0347
24,1300	0,0283
24,1400	0,0245
24,1500	0,0461
24,1600	0,0258
24,1700	0,0436
24,1800	0,0423
24,1900	0,0270
24,2000	0,0220
24,2100	0,0258
24,2200	0,0270
24,2300	0,0181
24,2400	0,0385
24,2500	0,0118
24,2600	0,0410
24,2700	0,0359
24,2800	0,0334
24,2900	0,0258
24,3000	0,0359
24,3100	0,0309
24,3200	0,0423
24,3300	0,0080
24,3400	0,0334
24,3500	0,0398
24,3600	0,0232
24,3700	0,0448
24,3800	0,0398
24,3900	0,0258
24,4000	0,0181
24,4100	0,0436
24,4200	0,0207
24,4300	0,0283
24,4400	0,0245
24,4500	0,0258
24,4600	0,0258
24,4700	0,0207
24,4800	0,0309
24,4900	0,0283
24,5000	0,0448
24,5100	0,0194
24,5200	0,0181
24,5300	0,0385
24,5400	0,0245
24,5500	0,0283
24,5600	0,0321
24,5700	0,0181
24,5800	0,0334
24,5900	0,0232
24,6000	0,0181
24,6100	0,0347
24,6200	0,0270
24,6300	0,0283
24,6400	0,0334
24,6500	0,0321
24,6600	0,0194
24,6700	0,0398
24,6800	0,0359
24,6900	0,0258
24,7000	0,0283
24,7100	0,0283
24,7200	0,0436
24,7300	0,0220
24,7400	0,0321
24,7500	0,0270
24,7600	0,0372
24,7700	0,0474
24,7800	0,0270
24,7900	0,0461
24,8000	0,0372
24,8100	0,0270
24,8200	0,0283
24,8300	0,0283
24,8400	0,0499
24,8500	0,0487
24,8600	0,0398
24,8700	0,0334
24,8800	0,0448
24,8900	0,0385
24,9000	0,0398
24,9100	0,0398
24,9200	0,0423
24,9300	0,0461
24,9400	0,0474
24,9500	0,0550
24,9600	0,0270
24,9700	0,0436
24,9800	0,0143
24,9900	0,0525
25,0000	0,0296
25,0100	0,0436
25,0200	0,0448
25,0300	0,0474
25,0400	0,0232
25,0500	0,0461
25,0600	0,0220
25,0700	0,0131
25,0800	0,0499
25,0900	0,0410
25,1000	0,0487
25,1100	0,0385
25,1200	0,0410
25,1300	0,0283
25,1400	0,0334
25,1500	0,0410
25,1600	0,0283
25,1700	0,0309
25,1800	0,0334
25,1900	0,0398
25,2000	0,0448
25,2100	0,0347
25,2200	0,0321
25,2300	0,0550
25,2400	0,0423
25,2500	0,0359
25,2600	0,0359
25,2700	0,0423
25,2800	0,0220
25,2900	0,0347
25,3000	0,0563
25,3100	0,0448
25,3200	0,0525
25,3300	0,0512
25,3400	0,0588
25,3500	0,0563
25,3600	0,0309
25,3700	0,0728
25,3800	0,0283
25,3900	0,0715
25,4000	0,0537
25,4100	0,0626
25,4200	0,0639
25,4300	0,0652
25,4400	0,0614
25,4500	0,0601
25,4600	0,0537
25,4700	0,0817
25,4800	0,0728
25,4900	0,0741
25,5000	0,0753
25,5100	0,0741
25,5200	0,0690
25,5300	0,0830
25,5400	0,0665
25,5500	0,0588
25,5600	0,0881
25,5700	0,0842
25,5800	0,0677
25,5900	0,0931
25,6000	0,0957
25,6100	0,0792
25,6200	0,0576
25,6300	0,1059
25,6400	0,0588
25,6500	0,0652
25,6600	0,0626
25,6700	0,0766
25,6800	0,0804
25,6900	0,0766
25,7000	0,0512
25,7100	0,0639
25,7200	0,0588
25,7300	0,0487
25,7400	0,0487
25,7500	0,0474
25,7600	0,0576
25,7700	0,0715
25,7800	0,0232
25,7900	0,0563
25,8000	0,0487
25,8100	0,0372
25,8200	0,0576
25,8300	0,0563
25,8400	0,0487
25,8500	0,0487
25,8600	0,0207
25,8700	0,0588
25,8800	0,0436
25,8900	0,0423
25,9000	0,0512
25,9100	0,0601
25,9200	0,0436
25,9300	0,0398
25,9400	0,0398
25,9500	0,0321
25,9600	0,0309
25,9700	0,0398
25,9800	0,0525
25,9900	0,0372
26,0000	0,0487
26,0100	0,0309
26,0200	0,0448
26,0300	0,0270
26,0400	0,0410
26,0500	0,0512
26,0600	0,0334
26,0700	0,0410
26,0800	0,0537
26,0900	0,0487
26,1000	0,0423
26,1100	0,0588
26,1200	0,0487
26,1300	0,0487
26,1400	0,0385
26,1500	0,0499
26,1600	0,0487
26,1700	0,0474
26,1800	0,0309
26,1900	0,0487
26,2000	0,0347
26,2100	0,0588
26,2200	0,0537
26,2300	0,0398
26,2400	0,0563
26,2500	0,0550
26,2600	0,0474
26,2700	0,0410
26,2800	0,0461
26,2900	0,0626
26,3000	0,0296
26,3100	0,0614
26,3200	0,0461
26,3300	0,0423
26,3400	0,0499
26,3500	0,0334
26,3600	0,0436
26,3700	0,0270
26,3800	0,0715
26,3900	0,0334
26,4000	0,0423
26,4100	0,0537
26,4200	0,0398
26,4300	0,0436
26,4400	0,0512
26,4500	0,0537
26,4600	0,0220
26,4700	0,0385
26,4800	0,0461
26,4900	0,0474
26,5000	0,0588
26,5100	0,0474
26,5200	0,0410
26,5300	0,0499
26,5400	0,0321
26,5500	0,0537
26,5600	0,0410
26,5700	0,0614
26,5800	0,0448
26,5900	0,0576
26,6000	0,0385
26,6100	0,0766
26,6200	0,0512
26,6300	0,0563
26,6400	0,0512
26,6500	0,0652
26,6600	0,0639
26,6700	0,0410
26,6800	0,0652
26,6900	0,0817
26,7000	0,0665
26,7100	0,0779
26,7200	0,0626
26,7300	0,0881
26,7400	0,0715
26,7500	0,0779
26,7600	0,0792
26,7700	0,0995
26,7800	0,0931
26,7900	0,0957
26,8000	0,0842
26,8100	0,0842
26,8200	0,1160
26,8300	0,1020
26,8400	0,1008
26,8500	0,1059
26,8600	0,0970
26,8700	0,1160
26,8800	0,1224
26,8900	0,0931
26,9000	0,1237
26,9100	0,0982
26,9200	0,1198
26,9300	0,0944
26,9400	0,0944
26,9500	0,0931
26,9600	0,0995
26,9700	0,0766
26,9800	0,1084
26,9900	0,0690
27,0000	0,0842
27,0100	0,1071
27,0200	0,0931
27,0300	0,0563
27,0400	0,0792
27,0500	0,0741
27,0600	0,0626
27,0700	0,0970
27,0800	0,0601
27,0900	0,0817
27,1000	0,0677
27,1100	0,0512
27,1200	0,0842
27,1300	0,0576
27,1400	0,0588
27,1500	0,0792
27,1600	0,0448
27,1700	0,0792
27,1800	0,0512
27,1900	0,0588
27,2000	0,0677
27,2100	0,0601
27,2200	0,0652
27,2300	0,0741
27,2400	0,0677
27,2500	0,0614
27,2600	0,0652
27,2700	0,0639
27,2800	0,0639
27,2900	0,0690
27,3000	0,0804
27,3100	0,0703
27,3200	0,0474
27,3300	0,0842
27,3400	0,0639
27,3500	0,0792
27,3600	0,0881
27,3700	0,0715
27,3800	0,0665
27,3900	0,0652
27,4000	0,0677
27,4100	0,0741
27,4200	0,0766
27,4300	0,0931
27,4400	0,0830
27,4500	0,0842
27,4600	0,0804
27,4700	0,0728
27,4800	0,0919
27,4900	0,0741
27,5000	0,0931
27,5100	0,0868
27,5200	0,0766
27,5300	0,1046
27,5400	0,0855
27,5500	0,0919
27,5600	0,0766
27,5700	0,0881
27,5800	0,0728
27,5900	0,0677
27,6000	0,0703
27,6100	0,0881
27,6200	0,1046
27,6300	0,0690
27,6400	0,0817
27,6500	0,0919
27,6600	0,0855
27,6700	0,0804
27,6800	0,0626
27,6900	0,0741
27,7000	0,0842
27,7100	0,0944
27,7200	0,0766
27,7300	0,0817
27,7400	0,0944
27,7500	0,0703
27,7600	0,1071
27,7700	0,0639
27,7800	0,0906
27,7900	0,0855
27,8000	0,1020
27,8100	0,0944
27,8200	0,0690
27,8300	0,1071
27,8400	0,0931
27,8500	0,0753
27,8600	0,1071
27,8700	0,0766
27,8800	0,1008
27,8900	0,0626
27,9000	0,1237
27,9100	0,0868
27,9200	0,0982
27,9300	0,0830
27,9400	0,0842
27,9500	0,1122
27,9600	0,1071
27,9700	0,1071
27,9800	0,0944
27,9900	0,1351
28,0000	0,1084
28,0100	0,1122
28,0200	0,1186
28,0300	0,1237
28,0400	0,1504
28,0500	0,1224
28,0600	0,1287
28,0700	0,1402
28,0800	0,1529
28,0900	0,1338
28,1000	0,1542
28,1100	0,1707
28,1200	0,1275
28,1300	0,1809
28,1400	0,1491
28,1500	0,1745
28,1600	0,1554
28,1700	0,1643
28,1800	0,1465
28,1900	0,1720
28,2000	0,1682
28,2100	0,1529
28,2200	0,1898
28,2300	0,1364
28,2400	0,1631
28,2500	0,1656
28,2600	0,1936
28,2700	0,1860
28,2800	0,1923
28,2900	0,1465
28,3000	0,1987
28,3100	0,1694
28,3200	0,2076
28,3300	0,2368
28,3400	0,1415
28,3500	0,1821
28,3600	0,1910
28,3700	0,1885
28,3800	0,1923
28,3900	0,2088
28,4000	0,2216
28,4100	0,1720
28,4200	0,2127
28,4300	0,1656
28,4400	0,2406
28,4500	0,1999
28,4600	0,2432
28,4700	0,2254
28,4800	0,2483
28,4900	0,2877
28,5000	0,2063
28,5100	0,2610
28,5200	0,2546
28,5300	0,2851
28,5400	0,2928
28,5500	0,3004
28,5600	0,2928
28,5700	0,3220
28,5800	0,2966
28,5900	0,3462
28,6000	0,3398
28,6100	0,3512
28,6200	0,3729
28,6300	0,3601
28,6400	0,4250
28,6500	0,4491
28,6600	0,4173
28,6700	0,4415
28,6800	0,4924
28,6900	0,5165
28,7000	0,4860
28,7100	0,5038
28,7200	0,5534
28,7300	0,6042
28,7400	0,5254
28,7500	0,6131
28,7600	0,5610
28,7700	0,6831
28,7800	0,5788
28,7900	0,6526
28,8000	0,5419
28,8100	0,6589
28,8200	0,5852
28,8300	0,6157
28,8400	0,6246
28,8500	0,5890
28,8600	0,5674
28,8700	0,5674
28,8800	0,5496
28,8900	0,5280
28,9000	0,5076
28,9100	0,4682
28,9200	0,5051
28,9300	0,4618
28,9400	0,4110
28,9500	0,4428
28,9600	0,3640
28,9700	0,3805
28,9800	0,4021
28,9900	0,3474
29,0000	0,2826
29,0100	0,3919
29,0200	0,2902
29,0300	0,2699
29,0400	0,2953
29,0500	0,2610
29,0600	0,2495
29,0700	0,2152
29,0800	0,2114
29,0900	0,2432
29,1000	0,1682
29,1100	0,1949
29,1200	0,1872
29,1300	0,2050
29,1400	0,1783
29,1500	0,1987
29,1600	0,1860
29,1700	0,1554
29,1800	0,1796
29,1900	0,1516
29,2000	0,1847
29,2100	0,1338
29,2200	0,1275
29,2300	0,1376
29,2400	0,1326
29,2500	0,1542
29,2600	0,1224
29,2700	0,1478
29,2800	0,1135
29,2900	0,1427
29,3000	0,1262
29,3100	0,1198
29,3200	0,1059
29,3300	0,1020
29,3400	0,1186
29,3500	0,1020
29,3600	0,1249
29,3700	0,1084
29,3800	0,0881
29,3900	0,1046
29,4000	0,1313
29,4100	0,0842
29,4200	0,1122
29,4300	0,1109
29,4400	0,1084
29,4500	0,0817
29,4600	0,1097
29,4700	0,0881
29,4800	0,0893
29,4900	0,0842
29,5000	0,0919
29,5100	0,1109
29,5200	0,0690
29,5300	0,1071
29,5400	0,0576
29,5500	0,1224
29,5600	0,0563
29,5700	0,0957
29,5800	0,0779
29,5900	0,0614
29,6000	0,0944
29,6100	0,0550
29,6200	0,0677
29,6300	0,0665
29,6400	0,0359
29,6500	0,0881
29,6600	0,0448
29,6700	0,0474
29,6800	0,0372
29,6900	0,0588
29,7000	0,0537
29,7100	0,0347
29,7200	0,0499
29,7300	0,0436
29,7400	0,0499
29,7500	0,0423
29,7600	0,0614
29,7700	0,0296
29,7800	0,0461
29,7900	0,0347
29,8000	0,0309
29,8100	0,0385
29,8200	0,0232
29,8300	0,0309
29,8400	0,0181
29,8500	0,0372
29,8600	0,0131
29,8700	0,0334
29,8800	0,0245
29,8900	0,0359
29,9000	0,0359
29,9100	0,0398
29,9200	0,0283
29,9300	0,0347
29,9400	0,0169
29,9500	0,0334
29,9600	0,0321
29,9700	0,0385
29,9800	0,0156
29,9900	0,0385
30,0000	0,0436
30,0100	0,0283
30,0200	0,0270
30,0300	0,0207
30,0400	0,0398
30,0500	0,0309
30,0600	0,0334
30,0700	0,0309
30,0800	0,0296
30,0900	0,0423
30,1000	0,0258
30,1100	0,0487
30,1200	0,0258
30,1300	0,0410
30,1400	0,0410
30,1500	0,0181
30,1600	0,0334
30,1700	0,0296
30,1800	0,0423
30,1900	0,0296
30,2000	0,0398
30,2100	0,0283
30,2200	0,0283
30,2300	0,0283
30,2400	0,0220
30,2500	0,0207
30,2600	0,0270
30,2700	0,0309
30,2800	0,0232
30,2900	0,0156
30,3000	0,0143
30,3100	0,0181
30,3200	0,0334
30,3300	0,0258
30,3400	0,0220
30,3500	0,0232
30,3600	0,0181
30,3700	0,0270
30,3800	0,0372
30,3900	0,0220
30,4000	0,0321
30,4100	0,0118
30,4200	0,0270
30,4300	0,0169
30,4400	0,0347
30,4500	0,0283
30,4600	0,0118
30,4700	0,0270
30,4800	0,0194
30,4900	0,0309
30,5000	0,0118
30,5100	0,0080
30,5200	0,0156
30,5300	0,0181
30,5400	0,0194
30,5500	0,0092
30,5600	0,0220
30,5700	0,0220
30,5800	0,0181
30,5900	0,0181
30,6000	0,0347
30,6100	0,0232
30,6200	0,0270
30,6300	0,0270
30,6400	0,0245
30,6500	0,0220
30,6600	0,0143
30,6700	0,0245
30,6800	0,0194
30,6900	0,0232
30,7000	0,0245
30,7100	0,0296
30,7200	0,0207
30,7300	0,0245
30,7400	0,0092
30,7500	0,0220
30,7600	0,0232
30,7700	0,0156
30,7800	0,0118
30,7900	0,0296
30,8000	0,0194
30,8100	0,0143
30,8200	0,0054
30,8300	0,0296
30,8400	0,0296
30,8500	0,0220
30,8600	0,0309
30,8700	0,0245
30,8800	0,0156
30,8900	0,0334
30,9000	0,0245
30,9100	0,0245
30,9200	0,0118
30,9300	0,0169
30,9400	0,0181
30,9500	0,0283
30,9600	0,0181
30,9700	0,0181
30,9800	0,0169
30,9900	0,0156
31,0000	0,0131
31,0100	0,0169
31,0200	0,0080
31,0300	0,0156
31,0400	0,0258
31,0500	0,0194
31,0600	0,0169
31,0700	0,0220
31,0800	0,0080
31,0900	0,0245
31,1000	0,0118
31,1100	0,0156
31,1200	0,0181
31,1300	0,0181
31,1400	0,0194
31,1500	0,0169
31,1600	0,0042
31,1700	0,0143
31,1800	0,0220
31,1900	0,0207
31,2000	0,0334
31,2100	0,0143
31,2200	0,0270
31,2300	0,0143
31,2400	0,0143
31,2500	0,0105
31,2600	0,0143
31,2700	0,0207
31,2800	0,0309
31,2900	0,0169
31,3000	0,0220
31,3100	0,0169
31,3200	0,0372
31,3300	0,0194
31,3400	0,0347
31,3500	0,0181
31,3600	0,0181
31,3700	0,0309
31,3800	0,0283
31,3900	0,0118
31,4000	0,0105
31,4100	0,0207
31,4200	0,0372
31,4300	0,0296
31,4400	0,0207
31,4500	0,0118
31,4600	0,0232
31,4700	0,0131
31,4800	0,0169
31,4900	0,0258
31,5000	0,0245
31,5100	0,0359
31,5200	0,0156
31,5300	0,0385
31,5400	0,0232
31,5500	0,0309
31,5600	0,0067
31,5700	0,0232
31,5800	0,0245
31,5900	0,0092
31,6000	0,0220
31,6100	0,0118
31,6200	0,0118
31,6300	0,0283
31,6400	0,0207
31,6500	0,0105
31,6600	0,0232
31,6700	0,0169
31,6800	0,0181
31,6900	0,0283
31,7000	0,0131
31,7100	0,0143
31,7200	0,0054
31,7300	0,0169
31,7400	0,0181
31,7500	0,0092
31,7600	0,0131
31,7700	0,0220
31,7800	0,0220
31,7900	0,0131
31,8000	0,0220
31,8100	0,0194
31,8200	0,0067
31,8300	0,0105
31,8400	0,0092
31,8500	0,0067
31,8600	0,0156
31,8700	0,0080
31,8800	0,0054
31,8900	0,0283
31,9000	0,0220
31,9100	0,0245
31,9200	0,0283
31,9300	0,0283
31,9400	0,0296
31,9500	0,0283
31,9600	0,0207
31,9700	0,0232
31,9800	0,0296
31,9900	0,0207
32,0000	0,0232
32,0100	0,0194
32,0200	0,0092
32,0300	0,0181
32,0400	0,0207
32,0500	0,0092
32,0600	0,0181
32,0700	0,0118
32,0800	0,0194
32,0900	0,0207
32,1000	0,0194
32,1100	0,0194
32,1200	0,0207
32,1300	0,0232
32,1400	0,0042
32,1500	0,0232
32,1600	0,0207
32,1700	0,0258
32,1800	0,0092
32,1900	0,0245
32,2000	0,0258
32,2100	0,0143
32,2200	0,0169
32,2300	0,0220
32,2400	0,0181
32,2500	0,0232
32,2600	0,0169
32,2700	0,0258
32,2800	0,0283
32,2900	0,0220
32,3000	0,0131
32,3100	0,0131
32,3200	0,0220
32,3300	0,0131
32,3400	0,0169
32,3500	0,0067
32,3600	0,0092
32,3700	0,0296
32,3800	0,0092
32,3900	0,0118
32,4000	0,0270
32,4100	0,0194
32,4200	0,0181
32,4300	0,0245
32,4400	0,0309
32,4500	0,0169
32,4600	0,0156
32,4700	0,0270
32,4800	0,0105
32,4900	0,0283
32,5000	0,0207
32,5100	0,0194
32,5200	0,0194
32,5300	0,0372
32,5400	0,0194
32,5500	0,0258
32,5600	0,0245
32,5700	0,0258
32,5800	0,0181
32,5900	0,0232
32,6000	0,0220
32,6100	0,0169
32,6200	0,0258
32,6300	0,0232
32,6400	0,0283
32,6500	0,0385
32,6600	0,0105
32,6700	0,0296
32,6800	0,0258
32,6900	0,0105
32,7000	0,0436
32,7100	0,0283
32,7200	0,0232
32,7300	0,0092
32,7400	0,0258
32,7500	0,0309
32,7600	0,0258
32,7700	0,0232
32,7800	0,0410
32,7900	0,0283
32,8000	0,0321
32,8100	0,0220
32,8200	0,0270
32,8300	0,0092
32,8400	0,0258
32,8500	0,0258
32,8600	0,0232
32,8700	0,0372
32,8800	0,0232
32,8900	0,0410
32,9000	0,0131
32,9100	0,0270
32,9200	0,0220
32,9300	0,0181
32,9400	0,0131
32,9500	0,0296
32,9600	0,0131
32,9700	0,0321
32,9800	0,0181
32,9900	0,0309
33,0000	0,0181
33,0100	0,0131
33,0200	0,0220
33,0300	0,0181
33,0400	0,0258
33,0500	0,0270
33,0600	0,0270
33,0700	0,0283
33,0800	0,0156
33,0900	0,0143
33,1000	0,0321
33,1100	0,0194
33,1200	0,0092
33,1300	0,0080
33,1400	0,0270
33,1500	0,0131
33,1600	0,0296
33,1700	0,0258
33,1800	0,0207
33,1900	0,0181
33,2000	0,0258
33,2100	0,0156
33,2200	0,0194
33,2300	0,0194
33,2400	0,0321
33,2500	0,0194
33,2600	0,0283
33,2700	0,0131
33,2800	0,0321
33,2900	0,0270
33,3000	0,0156
33,3100	0,0309
33,3200	0,0359
33,3300	0,0105
33,3400	0,0359
33,3500	0,0359
33,3600	0,0258
33,3700	0,0296
33,3800	0,0258
33,3900	0,0359
33,4000	0,0309
33,4100	0,0220
33,4200	0,0296
33,4300	0,0169
33,4400	0,0207
33,4500	0,0181
33,4600	0,0181
33,4700	0,0270
33,4800	0,0474
33,4900	0,0156
33,5000	0,0207
33,5100	0,0169
33,5200	0,0194
33,5300	0,0372
33,5400	0,0080
33,5500	0,0220
33,5600	0,0347
33,5700	0,0245
33,5800	0,0207
33,5900	0,0334
33,6000	0,0118
33,6100	0,0258
33,6200	0,0245
33,6300	0,0309
33,6400	0,0347
33,6500	0,0118
33,6600	0,0309
33,6700	0,0283
33,6800	0,0131
33,6900	0,0181
33,7000	0,0029
33,7100	0,0270
33,7200	0,0232
33,7300	0,0283
33,7400	0,0092
33,7500	0,0143
33,7600	0,0156
33,7700	0,0156
33,7800	0,0181
33,7900	0,0156
33,8000	0,0232
33,8100	0,0245
33,8200	0,0258
33,8300	0,0245
33,8400	0,0232
33,8500	0,0385
33,8600	0,0207
33,8700	0,0232
33,8800	0,0270
33,8900	0,0309
33,9000	0,0194
33,9100	0,0156
33,9200	0,0194
33,9300	0,0258
33,9400	0,0143
33,9500	0,0372
33,9600	0,0309
33,9700	0,0220
33,9800	0,0207
33,9900	0,0118
34,0000	0,0385
34,0100	0,0232
34,0200	0,0245
34,0300	0,0169
34,0400	0,0169
34,0500	0,0245
34,0600	0,0245
34,0700	0,0347
34,0800	0,0283
34,0900	0,0054
34,1000	0,0181
34,1100	0,0220
34,1200	0,0232
34,1300	0,0398
34,1400	0,0334
34,1500	0,0309
34,1600	0,0207
34,1700	0,0283
34,1800	0,0283
34,1900	0,0143
34,2000	0,0105
34,2100	0,0296
34,2200	0,0321
34,2300	0,0118
34,2400	0,0309
34,2500	0,0181
34,2600	0,0296
34,2700	0,0245
34,2800	0,0169
34,2900	0,0296
34,3000	0,0334
34,3100	0,0169
34,3200	0,0283
34,3300	0,0347
34,3400	0,0194
34,3500	0,0080
34,3600	0,0258
34,3700	0,0156
34,3800	0,0131
34,3900	0,0232
34,4000	0,0245
34,4100	0,0131
34,4200	0,0334
34,4300	0,0309
34,4400	0,0283
34,4500	0,0181
34,4600	0,0270
34,4700	0,0181
34,4800	0,0194
34,4900	0,0092
34,5000	0,0283
34,5100	0,0334
34,5200	0,0169
34,5300	0,0321
34,5400	0,0143
34,5500	0,0181
34,5600	0,0245
34,5700	0,0181
34,5800	0,0347
34,5900	0,0232
34,6000	0,0258
34,6100	0,0156
34,6200	0,0245
34,6300	0,0169
34,6400	0,0283
34,6500	0,0398
34,6600	0,0067
34,6700	0,0207
34,6800	0,0258
34,6900	0,0385
34,7000	0,0385
34,7100	0,0283
34,7200	0,0220
34,7300	0,0359
34,7400	0,0232
34,7500	0,0270
34,7600	0,0423
34,7700	0,0283
34,7800	0,0232
34,7900	0,0270
34,8000	0,0359
34,8100	0,0321
34,8200	0,0232
34,8300	0,0156
34,8400	0,0220
34,8500	0,0334
34,8600	0,0359
34,8700	0,0347
34,8800	0,0321
34,8900	0,0283
34,9000	0,0334
34,9100	0,0258
34,9200	0,0207
34,9300	0,0283
34,9400	0,0258
34,9500	0,0232
34,9600	0,0131
34,9700	0,0270
34,9800	0,0270
34,9900	0,0270
35,0000	0,0232
35,0100	0,0296
35,0200	0,0156
35,0300	0,0194
35,0400	0,0321
35,0500	0,0270
35,0600	0,0232
35,0700	0,0372
35,0800	0,0309
35,0900	0,0232
35,1000	0,0270
35,1100	0,0321
35,1200	0,0321
35,1300	0,0245
35,1400	0,0245
35,1500	0,0207
35,1600	0,0131
35,1700	0,0270
35,1800	0,0372
35,1900	0,0372
35,2000	0,0143
35,2100	0,0347
35,2200	0,0118
35,2300	0,0334
35,2400	0,0207
35,2500	0,0359
35,2600	0,0270
35,2700	0,0321
35,2800	0,0143
35,2900	0,0347
35,3000	0,0321
35,3100	0,0309
35,3200	0,0143
35,3300	0,0398
35,3400	0,0347
35,3500	0,0448
35,3600	0,0232
35,3700	0,0270
35,3800	0,0258
35,3900	0,0270
35,4000	0,0131
35,4100	0,0296
35,4200	0,0118
35,4300	0,0423
35,4400	0,0207
35,4500	0,0245
35,4600	0,0232
35,4700	0,0372
35,4800	0,0131
35,4900	0,0169
35,5000	0,0270
35,5100	0,0398
35,5200	0,0347
35,5300	0,0359
35,5400	0,0309
35,5500	0,0245
35,5600	0,0220
35,5700	0,0296
35,5800	0,0309
35,5900	0,0334
35,6000	0,0283
35,6100	0,0334
35,6200	0,0359
35,6300	0,0080
35,6400	0,0181
35,6500	0,0270
35,6600	0,0181
35,6700	0,0487
35,6800	0,0296
35,6900	0,0372
35,7000	0,0232
35,7100	0,0232
35,7200	0,0385
35,7300	0,0347
35,7400	0,0143
35,7500	0,0359
35,7600	0,0372
35,7700	0,0423
35,7800	0,0169
35,7900	0,0372
35,8000	0,0283
35,8100	0,0334
35,8200	0,0398
35,8300	0,0423
35,8400	0,0143
35,8500	0,0474
35,8600	0,0410
35,8700	0,0309
35,8800	0,0385
35,8900	0,0550
35,9000	0,0321
35,9100	0,0550
35,9200	0,0423
35,9300	0,0499
35,9400	0,0385
35,9500	0,0550
35,9600	0,0448
35,9700	0,0372
35,9800	0,0321
35,9900	0,0321
36,0000	0,0614
36,0100	0,0461
36,0200	0,0283
36,0300	0,0512
36,0400	0,0334
36,0500	0,0436
36,0600	0,0563
36,0700	0,0334
36,0800	0,0588
36,0900	0,0474
36,1000	0,0588
36,1100	0,0563
36,1200	0,0398
36,1300	0,0461
36,1400	0,0512
36,1500	0,0487
36,1600	0,0398
36,1700	0,0677
36,1800	0,0321
36,1900	0,0359
36,2000	0,0334
36,2100	0,0550
36,2200	0,0385
36,2300	0,0448
36,2400	0,0347
36,2500	0,0423
36,2600	0,0474
36,2700	0,0499
36,2800	0,0347
36,2900	0,0487
36,3000	0,0270
36,3100	0,0385
36,3200	0,0487
36,3300	0,0359
36,3400	0,0258
36,3500	0,0309
36,3600	0,0321
36,3700	0,0321
36,3800	0,0448
36,3900	0,0194
36,4000	0,0512
36,4100	0,0245
36,4200	0,0601
36,4300	0,0309
36,4400	0,0410
36,4500	0,0359
36,4600	0,0334
36,4700	0,0448
36,4800	0,0321
36,4900	0,0321
36,5000	0,0436
36,5100	0,0270
36,5200	0,0372
36,5300	0,0423
36,5400	0,0385
36,5500	0,0398
36,5600	0,0245
36,5700	0,0372
36,5800	0,0385
36,5900	0,0359
36,6000	0,0347
36,6100	0,0296
36,6200	0,0283
36,6300	0,0537
36,6400	0,0448
36,6500	0,0550
36,6600	0,0270
36,6700	0,0372
36,6800	0,0525
36,6900	0,0270
36,7000	0,0601
36,7100	0,0232
36,7200	0,0398
36,7300	0,0258
36,7400	0,0334
36,7500	0,0550
36,7600	0,0474
36,7700	0,0423
36,7800	0,0525
36,7900	0,0334
36,8000	0,0423
36,8100	0,0512
36,8200	0,0448
36,8300	0,0207
36,8400	0,0537
36,8500	0,0169
36,8600	0,0423
36,8700	0,0347
36,8800	0,0461
36,8900	0,0309
36,9000	0,0614
36,9100	0,0423
36,9200	0,0309
36,9300	0,0398
36,9400	0,0296
36,9500	0,0321
36,9600	0,0334
36,9700	0,0461
36,9800	0,0334
36,9900	0,0296
37,0000	0,0258
37,0100	0,0270
37,0200	0,0321
37,0300	0,0372
37,0400	0,0309
37,0500	0,0448
37,0600	0,0232
37,0700	0,0347
37,0800	0,0398
37,0900	0,0410
37,1000	0,0245
37,1100	0,0423
37,1200	0,0220
37,1300	0,0525
37,1400	0,0207
37,1500	0,0385
37,1600	0,0359
37,1700	0,0398
37,1800	0,0270
37,1900	0,0499
37,2000	0,0448
37,2100	0,0270
37,2200	0,0347
37,2300	0,0372
37,2400	0,0359
37,2500	0,0398
37,2600	0,0385
37,2700	0,0436
37,2800	0,0448
37,2900	0,0626
37,3000	0,0410
37,3100	0,0487
37,3200	0,0563
37,3300	0,0385
37,3400	0,0512
37,3500	0,0436
37,3600	0,0448
37,3700	0,0385
37,3800	0,0550
37,3900	0,0499
37,4000	0,0359
37,4100	0,0423
37,4200	0,0232
37,4300	0,0576
37,4400	0,0372
37,4500	0,0334
37,4600	0,0359
37,4700	0,0372
37,4800	0,0614
37,4900	0,0181
37,5000	0,0321
37,5100	0,0461
37,5200	0,0309
37,5300	0,0347
37,5400	0,0258
37,5500	0,0372
37,5600	0,0347
37,5700	0,0525
37,5800	0,0220
37,5900	0,0270
37,6000	0,0359
37,6100	0,0372
37,6200	0,0283
37,6300	0,0131
37,6400	0,0321
37,6500	0,0245
37,6600	0,0525
37,6700	0,0296
37,6800	0,0232
37,6900	0,0398
37,7000	0,0283
37,7100	0,0321
37,7200	0,0270
37,7300	0,0232
37,7400	0,0359
37,7500	0,0207
37,7600	0,0270
37,7700	0,0576
37,7800	0,0270
37,7900	0,0207
37,8000	0,0283
37,8100	0,0283
37,8200	0,0296
37,8300	0,0080
37,8400	0,0232
37,8500	0,0398
37,8600	0,0423
37,8700	0,0270
37,8800	0,0321
37,8900	0,0169
37,9000	0,0232
37,9100	0,0258
37,9200	0,0270
37,9300	0,0270
37,9400	0,0283
37,9500	0,0398
37,9600	0,0042
37,9700	0,0359
37,9800	0,0220
37,9900	0,0270
38,0000	0,0347
38,0100	0,0220
38,0200	0,0232
38,0300	0,0258
38,0400	0,0220
38,0500	0,0448
38,0600	0,0334
38,0700	0,0207
38,0800	0,0398
38,0900	0,0092
38,1000	0,0232
38,1100	0,0207
38,1200	0,0258
38,1300	0,0194
38,1400	0,0143
38,1500	0,0143
38,1600	0,0359
38,1700	0,0359
38,1800	0,0372
38,1900	0,0296
38,2000	0,0156
38,2100	0,0169
38,2200	0,0194
38,2300	0,0169
38,2400	0,0169
38,2500	0,0207
38,2600	0,0181
38,2700	0,0169
38,2800	0,0207
38,2900	0,0156
38,3000	0,0156
38,3100	0,0258
38,3200	0,0436
38,3300	0,0169
38,3400	0,0181
38,3500	0,0156
38,3600	0,0156
38,3700	0,0143
38,3800	0,0181
38,3900	0,0080
38,4000	0,0131
38,4100	0,0207
38,4200	0,0207
38,4300	0,0131
38,4400	0,0131
38,4500	0,0207
38,4600	0,0232
38,4700	0,0245
38,4800	0,0105
38,4900	0,0410
38,5000	0,0207
38,5100	0,0156
38,5200	0,0207
38,5300	0,0156
38,5400	0,0245
38,5500	0,0283
38,5600	0,0143
38,5700	0,0270
38,5800	0,0092
38,5900	0,0283
38,6000	0,0207
38,6100	0,0143
38,6200	0,0131
38,6300	0,0258
38,6400	0,0169
38,6500	0,0181
38,6600	0,0169
38,6700	0,0105
38,6800	0,0220
38,6900	0,0169
38,7000	0,0220
38,7100	0,0054
38,7200	0,0372
38,7300	0,0156
38,7400	0,0156
38,7500	0,0169
38,7600	0,0232
38,7700	0,0067
38,7800	0,0232
38,7900	0,0131
38,8000	0,0232
38,8100	0,0296
38,8200	0,0207
38,8300	0,0220
38,8400	0,0143
38,8500	0,0220
38,8600	0,0207
38,8700	0,0270
38,8800	0,0283
38,8900	0,0143
38,9000	0,0270
38,9100	0,0131
38,9200	0,0245
38,9300	0,0258
38,9400	0,0105
38,9500	0,0220
38,9600	0,0232
38,9700	0,0156
38,9800	0,0283
38,9900	0,0169
39,0000	0,0169
39,0100	0,0194
39,0200	0,0321
39,0300	0,0143
39,0400	0,0258
39,0500	0,0207
39,0600	0,0321
39,0700	0,0232
39,0800	0,0220
39,0900	0,0321
39,1000	0,0169
39,1100	0,0334
39,1200	0,0194
39,1300	0,0194
39,1400	0,0270
39,1500	0,0436
39,1600	0,0194
39,1700	0,0398
39,1800	0,0131
39,1900	0,0232
39,2000	0,0194
39,2100	0,0283
39,2200	0,0283
39,2300	0,0194
39,2400	0,0321
39,2500	0,0131
39,2600	0,0321
39,2700	0,0181
39,2800	0,0220
39,2900	0,0309
39,3000	0,0448
39,3100	0,0410
39,3200	0,0207
39,3300	0,0283
39,3400	0,0131
39,3500	0,0283
39,3600	0,0105
39,3700	0,0270
39,3800	0,0258
39,3900	0,0232
39,4000	0,0207
39,4100	0,0296
39,4200	-0,0022
39,4300	0,0181
39,4400	0,0245
39,4500	0,0372
39,4600	0,0296
39,4700	0,0207
39,4800	0,0359
39,4900	0,0309
39,5000	0,0270
39,5100	0,0296
39,5200	0,0143
39,5300	0,0003
39,5400	0,0207
39,5500	0,0410
39,5600	0,0270
39,5700	0,0283
39,5800	0,0105
39,5900	0,0321
39,6000	0,0207
39,6100	0,0232
39,6200	0,0194
39,6300	0,0270
39,6400	0,0207
39,6500	0,0220
39,6600	0,0054
39,6700	0,0347
39,6800	0,0143
39,6900	0,0207
39,7000	0,0054
39,7100	0,0296
39,7200	0,0283
39,7300	0,0105
39,7400	0,0245
39,7500	0,0016
39,7600	0,0156
39,7700	0,0105
39,7800	0,0054
39,7900	0,0321
39,8000	0,0220
39,8100	0,0029
39,8200	0,0131
39,8300	0,0258
39,8400	0,0245
39,8500	0,0181
39,8600	0,0270
39,8700	0,0143
39,8800	0,0232
39,8900	0,0131
39,9000	0,0156
39,9100	0,0258
39,9200	0,0283
39,9300	0,0296
39,9400	0,0067
39,9500	0,0143
39,9600	0,0080
39,9700	0,0334
39,9800	0,0156
39,9900	0,0042
40,0000	0,0194
40,0100	0,0105
40,0200	0,0258
40,0300	0,0207
40,0400	0,0309
40,0500	-0,0009
40,0600	0,0067
40,0700	0,0232
40,0800	0,0283
40,0900	0,0080
40,1000	0,0181
40,1100	0,0385
40,1200	0,0118
40,1300	0,0245
40,1400	0,0169
40,1500	0,0258
40,1600	0,0080
40,1700	0,0270
40,1800	0,0245
40,1900	0,0385
40,2000	0,0245
40,2100	0,0220
40,2200	0,0092
40,2300	0,0143
40,2400	0,0258
40,2500	0,0258
40,2600	0,0194
40,2700	0,0220
40,2800	0,0194
40,2900	0,0143
40,3000	0,0143
40,3100	0,0029
40,3200	0,0092
40,3300	0,0347
40,3400	0,0143
40,3500	0,0092
40,3600	0,0067
40,3700	0,0042
40,3800	0,0207
40,3900	0,0181
40,4000	0,0258
40,4100	0,0169
40,4200	0,0334
40,4300	0,0131
40,4400	0,0029
40,4500	0,0372
40,4600	0,0169
40,4700	0,0258
40,4800	0,0283
40,4900	0,0270
40,5000	0,0131
40,5100	0,0410
40,5200	0,0143
40,5300	0,0258
40,5400	0,0207
40,5500	0,0156
40,5600	0,0334
40,5700	0,0016
40,5800	0,0220
40,5900	0,0245
40,6000	0,0156
40,6100	0,0092
40,6200	0,0283
40,6300	0,0372
40,6400	0,0334
40,6500	0,0105
40,6600	0,0067
40,6700	0,0118
40,6800	0,0283
40,6900	0,0385
40,7000	0,0029
40,7100	0,0105
40,7200	0,0016
40,7300	0,0232
40,7400	0,0131
40,7500	0,0334
40,7600	0,0042
40,7700	0,0194
40,7800	0,0131
40,7900	0,0347
40,8000	0,0169
40,8100	0,0156
40,8200	0,0296
40,8300	0,0067
40,8400	0,0334
40,8500	0,0220
40,8600	0,0143
40,8700	0,0003
40,8800	0,0309
40,8900	0,0347
40,9000	0,0245
40,9100	0,0169
40,9200	0,0156
40,9300	0,0207
40,9400	0,0169
40,9500	0,0347
40,9600	0,0321
40,9700	0,0436
40,9800	0,0092
40,9900	0,0347
41,0000	0,0092
41,0100	0,0309
41,0200	0,0398
41,0300	0,0080
41,0400	0,0232
41,0500	0,0309
41,0600	0,0092
41,0700	0,0067
41,0800	0,0296
41,0900	0,0321
41,1000	0,0245
41,1100	0,0207
41,1200	0,0296
41,1300	0,0143
41,1400	-0,0009
41,1500	0,0131
41,1600	0,0258
41,1700	0,0156
41,1800	0,0118
41,1900	0,0296
41,2000	0,0042
41,2100	0,0016
41,2200	0,0207
41,2300	0,0398
41,2400	0,0385
41,2500	0,0092
41,2600	0,0220
41,2700	0,0029
41,2800	0,0258
41,2900	0,0003
41,3000	0,0309
41,3100	0,0207
41,3200	0,0194
41,3300	0,0283
41,3400	0,0410
41,3500	0,0054
41,3600	0,0092
41,3700	0,0347
41,3800	0,0220
41,3900	0,0207
41,4000	0,0258
41,4100	0,0169
41,4200	0,0181
41,4300	0,0258
41,4400	0,0054
41,4500	0,0003
41,4600	0,0131
41,4700	0,0220
41,4800	0,0220
41,4900	0,0131
41,5000	0,0194
41,5100	-0,0009
41,5200	0,0232
41,5300	0,0143
41,5400	0,0105
41,5500	0,0194
41,5600	-0,0047
41,5700	0,0245
41,5800	0,0398
41,5900	-0,0035
41,6000	-0,0086
41,6100	0,0270
41,6200	0,0143
41,6300	0,0321
41,6400	0,0220
41,6500	0,0194
41,6600	0,0131
41,6700	0,0207
41,6800	0,0092
41,6900	0,0410
41,7000	0,0105
41,7100	0,0220
41,7200	0,0220
41,7300	0,0347
41,7400	0,0372
41,7500	0,0423
41,7600	0,0105
41,7700	0,0131
41,7800	0,0143
41,7900	0,0067
41,8000	0,0003
41,8100	0,0296
41,8200	0,0118
41,8300	0,0321
41,8400	0,0270
41,8500	0,0054
41,8600	-0,0009
41,8700	0,0232
41,8800	0,0398
41,8900	0,0258
41,9000	0,0258
41,9100	0,0092
41,9200	0,0245
41,9300	0,0118
41,9400	0,0131
41,9500	0,0207
41,9600	0,0118
41,9700	0,0080
41,9800	0,0156
41,9900	0,0143
42,0000	0,0042
42,0100	0,0245
42,0200	0,0359
42,0300	0,0194
42,0400	0,0220
42,0500	0,0232
42,0600	0,0118
42,0700	0,0194
42,0800	0,0296
42,0900	0,0232
42,1000	0,0143
42,1100	0,0003
42,1200	0,0232
42,1300	0,0092
42,1400	0,0092
42,1500	0,0207
42,1600	0,0118
42,1700	0,0296
42,1800	0,0156
42,1900	0,0092
42,2000	0,0258
42,2100	0,0232
42,2200	0,0067
42,2300	0,0169
42,2400	0,0143
42,2500	0,0156
42,2600	0,0398
42,2700	0,0156
42,2800	0,0181
42,2900	0,0245
42,3000	0,0245
42,3100	0,0296
42,3200	0,0067
42,3300	0,0296
42,3400	0,0385
42,3500	0,0334
42,3600	-0,0009
42,3700	0,0181
42,3800	0,0042
42,3900	0,0029
42,4000	0,0054
42,4100	0,0232
42,4200	0,0220
42,4300	0,0105
42,4400	0,0207
42,4500	0,0270
42,4600	0,0003
42,4700	0,0232
42,4800	0,0283
42,4900	0,0092
42,5000	0,0131
42,5100	0,0283
42,5200	0,0207
42,5300	0,0194
42,5400	0,0207
42,5500	0,0156
42,5600	0,0169
42,5700	0,0181
42,5800	0,0169
42,5900	0,0220
42,6000	0,0232
42,6100	0,0143
42,6200	0,0169
42,6300	0,0143
42,6400	0,0105
42,6500	0,0092
42,6600	0,0092
42,6700	0,0258
42,6800	0,0296
42,6900	0,0232
42,7000	0,0029
42,7100	0,0423
42,7200	0,0105
42,7300	0,0156
42,7400	0,0181
42,7500	0,0131
42,7600	0,0270
42,7700	0,0016
42,7800	0,0194
42,7900	0,0181
42,8000	0,0169
42,8100	0,0194
42,8200	0,0245
42,8300	0,0156
42,8400	0,0169
42,8500	0,0258
42,8600	0,0245
42,8700	0,0181
42,8800	0,0156
42,8900	0,0283
42,9000	0,0080
42,9100	0,0232
42,9200	-0,0073
42,9300	0,0359
42,9400	0,0092
42,9500	0,0181
42,9600	0,0232
42,9700	0,0232
42,9800	0,0372
42,9900	0,0092
43,0000	0,0003
43,0100	0,0232
43,0200	0,0131
43,0300	0,0105
43,0400	0,0080
43,0500	0,0347
43,0600	0,0169
43,0700	0,0245
43,0800	0,0194
43,0900	0,0220
43,1000	0,0105
43,1100	0,0169
43,1200	0,0143
43,1300	0,0270
43,1400	0,0283
43,1500	0,0258
43,1600	0,0194
43,1700	0,0181
43,1800	0,0194
43,1900	0,0067
43,2000	0,0118
43,2100	-0,0047
43,2200	0,0156
43,2300	0,0181
43,2400	0,0194
43,2500	0,0334
43,2600	0,0131
43,2700	0,0067
43,2800	-0,0035
43,2900	0,0169
43,3000	0,0016
43,3100	0,0296
43,3200	0,0067
43,3300	0,0232
43,3400	0,0436
43,3500	0,0321
43,3600	0,0232
43,3700	0,0309
43,3800	0,0258
43,3900	0,0105
43,4000	0,0194
43,4100	0,0105
43,4200	0,0143
43,4300	0,0156
43,4400	0,0156
43,4500	0,0220
43,4600	0,0258
43,4700	0,0131
43,4800	0,0245
43,4900	0,0169
43,5000	0,0220
43,5100	0,0207
43,5200	0,0003
43,5300	0,0232
43,5400	0,0296
43,5500	0,0296
43,5600	0,0105
43,5700	0,0092
43,5800	0,0156
43,5900	0,0258
43,6000	0,0118
43,6100	0,0067
43,6200	0,0181
43,6300	0,0245
43,6400	0,0156
43,6500	0,0207
43,6600	0,0105
43,6700	0,0131
43,6800	0,0245
43,6900	0,0067
43,7000	0,0131
43,7100	0,0309
43,7200	0,0080
43,7300	0,0232
43,7400	0,0296
43,7500	0,0169
43,7600	0,0194
43,7700	0,0207
43,7800	0,0309
43,7900	0,0092
43,8000	0,0207
43,8100	0,0054
43,8200	0,0232
43,8300	0,0181
43,8400	0,0143
43,8500	0,0080
43,8600	-0,0009
43,8700	0,0232
43,8800	0,0181
43,8900	0,0156
43,9000	0,0270
43,9100	0,0372
43,9200	0,0207
43,9300	0,0143
43,9400	-0,0009
43,9500	0,0245
43,9600	0,0372
43,9700	0,0156
43,9800	0,0270
43,9900	0,0245
44,0000	0,0092
44,0100	0,0194
44,0200	0,0232
44,0300	0,0270
44,0400	0,0156
44,0500	0,0258
44,0600	0,0309
44,0700	0,0131
44,0800	0,0385
44,0900	0,0258
44,1000	0,0258
44,1100	0,0143
44,1200	-0,0022
44,1300	0,0220
44,1400	0,0220
44,1500	0,0194
44,1600	0,0092
44,1700	0,0347
44,1800	0,0270
44,1900	0,0258
44,2000	0,0359
44,2100	0,0131
44,2200	0,0169
44,2300	0,0321
44,2400	-0,0073
44,2500	0,0067
44,2600	0,0220
44,2700	0,0258
44,2800	0,0169
44,2900	0,0423
44,3000	0,0067
44,3100	0,0169
44,3200	0,0181
44,3300	0,0309
44,3400	0,0220
44,3500	0,0245
44,3600	0,0169
44,3700	-0,0009
44,3800	0,0270
44,3900	0,0410
44,4000	0,0194
44,4100	0,0270
44,4200	0,0207
44,4300	0,0347
44,4400	0,0372
44,4500	0,0296
44,4600	0,0423
44,4700	0,0359
44,4800	-0,0022
44,4900	0,0143
44,5000	0,0092
44,5100	0,0105
44,5200	0,0220
44,5300	0,0169
44,5400	0,0347
44,5500	0,0283
44,5600	0,0169
44,5700	0,0283
44,5800	0,0321
44,5900	0,0131
44,6000	0,0092
44,6100	0,0461
44,6200	0,0245
44,6300	0,0042
44,6400	0,0194
44,6500	0,0029
44,6600	0,0270
44,6700	0,0003
44,6800	0,0207
44,6900	0,0461
44,7000	0,0181
44,7100	0,0220
44,7200	0,0207
44,7300	0,0092
44,7400	0,0321
44,7500	-0,0022
44,7600	0,0181
44,7700	0,0347
44,7800	0,0398
44,7900	0,0258
44,8000	0,0003
44,8100	0,0347
44,8200	0,0118
44,8300	0,0270
44,8400	0,0245
44,8500	0,0270
44,8600	0,0207
44,8700	0,0385
44,8800	0,0029
44,8900	0,0207
44,9000	0,0080
44,9100	0,0067
44,9200	0,0245
44,9300	0,0309
44,9400	0,0118
44,9500	0,0105
44,9600	0,0131
44,9700	0,0194
44,9800	0,0118
44,9900	0,0143
45,0000	0,0143
