0,0000	1,1878
0,0100	1,2056
0,0200	1,1789
0,0300	1,2895
0,0400	1,1598
0,0500	1,1102
0,0600	1,0734
0,0700	1,0124
0,0800	0,9348
0,0900	0,8967
0,1000	0,9615
0,1100	0,8331
0,1200	0,7886
0,1300	0,8000
0,1400	0,7733
0,1500	0,7428
0,1600	0,5750
0,1700	0,6068
0,1800	0,5432
0,1900	0,5559
0,2000	0,5572
0,2100	0,4568
0,2200	0,5203
0,2300	0,4860
0,2400	0,3970
0,2500	0,4237
0,2600	0,3945
0,2700	0,3919
0,2800	0,3754
0,2900	0,3614
0,3000	0,3614
0,3100	0,2737
0,3200	0,2750
0,3300	0,2889
0,3400	0,3106
0,3500	0,2483
0,3600	0,2584
0,3700	0,2355
0,3800	0,2216
0,3900	0,2050
0,4000	0,2228
0,4100	0,1923
0,4200	0,2152
0,4300	0,2139
0,4400	0,1847
0,4500	0,1453
0,4600	0,1567
0,4700	0,1796
0,4800	0,1453
0,4900	0,1529
0,5000	0,1631
0,5100	0,1198
0,5200	0,1020
0,5300	0,1465
0,5400	0,1160
0,5500	0,1313
0,5600	0,1148
0,5700	0,1071
0,5800	0,0982
0,5900	0,0982
0,6000	0,1033
0,6100	0,0868
0,6200	0,0868
0,6300	0,0830
0,6400	0,0766
0,6500	0,0779
0,6600	0,0614
0,6700	0,0677
0,6800	0,0766
0,6900	0,0639
0,7000	0,0665
0,7100	0,0779
0,7200	0,0309
0,7300	0,0436
0,7400	0,0499
0,7500	0,0537
0,7600	0,0537
0,7700	0,0398
0,7800	0,0563
0,7900	0,0436
0,8000	0,0487
0,8100	0,0245
0,8200	0,0436
0,8300	0,0334
0,8400	0,0283
0,8500	0,0347
0,8600	0,0423
0,8700	0,0321
0,8800	0,0309
0,8900	0,0474
0,9000	0,0359
0,9100	0,0283
0,9200	0,0321
0,9300	0,0309
0,9400	0,0410
0,9500	0,0347
0,9600	0,0321
0,9700	0,0283
0,9800	0,0321
0,9900	0,0258
1,0000	0,0321
1,0100	0,0385
1,0200	0,0156
1,0300	0,0270
1,0400	0,0283
1,0500	0,0232
1,0600	0,0309
1,0700	0,0321
1,0800	0,0258
1,0900	0,0283
1,1000	0,0194
1,1100	0,0258
1,1200	0,0359
1,1300	0,0334
1,1400	0,0181
1,1500	0,0232
1,1600	0,0283
1,1700	0,0156
1,1800	0,0270
1,1900	0,0207
1,2000	0,0181
1,2100	0,0232
1,2200	0,0283
1,2300	0,0309
1,2400	0,0321
1,2500	0,0321
1,2600	0,0207
1,2700	0,0321
1,2800	0,0270
1,2900	0,0220
1,3000	0,0359
1,3100	0,0296
1,3200	0,0207
1,3300	0,0270
1,3400	0,0181
1,3500	0,0258
1,3600	0,0207
1,3700	0,0232
1,3800	0,0143
1,3900	0,0207
1,4000	0,0245
1,4100	0,0181
1,4200	0,0245
1,4300	0,0270
1,4400	0,0194
1,4500	0,0258
1,4600	0,0220
1,4700	0,0245
1,4800	0,0283
1,4900	0,0220
1,5000	0,0232
1,5100	0,0169
1,5200	0,0207
1,5300	0,0131
1,5400	0,0092
1,5500	0,0207
1,5600	0,0181
1,5700	0,0181
1,5800	0,0207
1,5900	0,0118
1,6000	0,0283
1,6100	0,0156
1,6200	0,0207
1,6300	0,0156
1,6400	0,0220
1,6500	0,0944
1,6600	0,1999
1,6700	0,1885
1,6800	0,1567
1,6900	0,2241
1,7000	0,2483
1,7100	0,2216
1,7200	0,2127
1,7300	0,2572
1,7400	0,3258
1,7500	0,2762
1,7600	0,3245
1,7700	0,3322
1,7800	0,3640
1,7900	0,3398
1,8000	0,4326
1,8100	0,4008
1,8200	0,5254
1,8300	0,5610
1,8400	0,6742
1,8500	0,5686
1,8600	0,7352
1,8700	0,8064
1,8800	0,9996
1,8900	1,0836
1,9000	1,2666
1,9100	1,3734
1,9200	1,5400
1,9300	1,7701
1,9400	2,1998
1,9500	2,6321
1,9600	2,8991
1,9700	3,4000
1,9800	3,8463
1,9900	4,4578
2,0000	4,7095
2,0100	5,3160
2,0200	5,6847
2,0300	6,3127
2,0400	6,5988
2,0500	6,9573
2,0600	6,5479
2,0700	7,0730
2,0800	6,3648
2,0900	5,7711
2,1000	4,8468
2,1100	3,6848
2,1200	2,3587
2,1300	2,8533
2,1400	1,5946
2,1500	0,5750
2,1600	0,4199
2,1700	0,2177
2,1800	0,1186
2,1900	0,0970
2,2000	0,1059
2,2100	0,0715
2,2200	0,0512
2,2300	0,0448
2,2400	0,0321
2,2500	0,0487
2,2600	0,0563
2,2700	0,0245
2,2800	0,0487
2,2900	0,0118
2,3000	0,0385
2,3100	0,0296
2,3200	0,0245
2,3300	0,0245
2,3400	0,0245
2,3500	0,0334
2,3600	0,0220
2,3700	0,0194
2,3800	0,0105
2,3900	0,0232
2,4000	0,0258
2,4100	0,0220
2,4200	0,0181
2,4300	0,0283
2,4400	0,0232
2,4500	0,0245
2,4600	0,0245
2,4700	0,0321
2,4800	0,0118
2,4900	0,0143
2,5000	0,0347
2,5100	0,0105
2,5200	0,0207
2,5300	0,0131
2,5400	0,0118
2,5500	0,0245
2,5600	0,0232
2,5700	0,0283
2,5800	0,0181
2,5900	0,0245
2,6000	0,0220
2,6100	0,0156
2,6200	0,0232
2,6300	0,0181
2,6400	0,0207
2,6500	0,0118
2,6600	0,0245
2,6700	0,0245
2,6800	0,0118
2,6900	0,0169
2,7000	0,0118
2,7100	0,0131
2,7200	0,0105
2,7300	0,0131
2,7400	0,0143
2,7500	0,0232
2,7600	0,0156
2,7700	0,0181
2,7800	0,0245
2,7900	0,0194
2,8000	0,0207
2,8100	0,0181
2,8200	0,0220
2,8300	0,0092
2,8400	0,0194
2,8500	0,0169
2,8600	0,0194
2,8700	0,0156
2,8800	0,0245
2,8900	0,0131
2,9000	0,0283
2,9100	0,0169
2,9200	0,0131
2,9300	0,0207
2,9400	0,0220
2,9500	0,0118
2,9600	0,0105
2,9700	0,0131
2,9800	0,0143
2,9900	0,0143
3,0000	0,0181
3,0100	0,0169
3,0200	0,0207
3,0300	0,0194
3,0400	0,0194
3,0500	0,0194
3,0600	0,0220
3,0700	0,0067
3,0800	0,0131
3,0900	0,0181
3,1000	0,0156
3,1100	0,0220
3,1200	0,0194
3,1300	0,0080
3,1400	0,0156
3,1500	0,0169
3,1600	0,0194
3,1700	0,0118
3,1800	0,0181
3,1900	0,0131
3,2000	0,0181
3,2100	0,0169
3,2200	0,0143
3,2300	0,0143
3,2400	0,0143
3,2500	0,0131
3,2600	0,0156
3,2700	0,0105
3,2800	0,0080
3,2900	0,0131
3,3000	0,0220
3,3100	0,0131
3,3200	0,0169
3,3300	0,0143
3,3400	0,0207
3,3500	0,0143
3,3600	0,0194
3,3700	0,0207
3,3800	0,0207
3,3900	0,0131
3,4000	0,0169
3,4100	0,0131
3,4200	0,0105
3,4300	0,0156
3,4400	0,0131
3,4500	0,0118
3,4600	0,0156
3,4700	0,0080
3,4800	0,0207
3,4900	0,0181
3,5000	0,0258
3,5100	0,0258
3,5200	0,0232
3,5300	0,0220
3,5400	0,0169
3,5500	0,0156
3,5600	0,0245
3,5700	0,0194
3,5800	0,0194
3,5900	0,0131
3,6000	0,0232
3,6100	0,0207
3,6200	0,0232
3,6300	0,0131
3,6400	0,0232
3,6500	0,0207
3,6600	0,0194
3,6700	0,0194
3,6800	0,0118
3,6900	0,0092
3,7000	0,0143
3,7100	0,0131
3,7200	0,0181
3,7300	0,0207
3,7400	0,0156
3,7500	0,0080
3,7600	0,0143
3,7700	0,0143
3,7800	0,0156
3,7900	0,0156
3,8000	0,0220
3,8100	0,0194
3,8200	0,0207
3,8300	0,0143
3,8400	0,0080
3,8500	0,0156
3,8600	0,0118
3,8700	0,0181
3,8800	0,0270
3,8900	0,0118
3,9000	0,0080
3,9100	0,0143
3,9200	0,0245
3,9300	0,0194
3,9400	0,0207
3,9500	0,0245
3,9600	0,0232
3,9700	0,0092
3,9800	0,0143
3,9900	0,0156
4,0000	0,0232
4,0100	0,0131
4,0200	0,0156
4,0300	0,0143
4,0400	0,0220
4,0500	0,0156
4,0600	0,0143
4,0700	0,0092
4,0800	0,0118
4,0900	0,0194
4,1000	0,0194
4,1100	0,0156
4,1200	0,0181
4,1300	0,0156
4,1400	0,0156
4,1500	0,0169
4,1600	0,0194
4,1700	0,0181
4,1800	0,0194
4,1900	0,0169
4,2000	0,0232
4,2100	0,0181
4,2200	0,0156
4,2300	0,0143
4,2400	0,0194
4,2500	0,0143
4,2600	0,0181
4,2700	0,0181
4,2800	0,0143
4,2900	0,0194
4,3000	0,0156
4,3100	0,0105
4,3200	0,0207
4,3300	0,0207
4,3400	0,0092
4,3500	0,0131
4,3600	0,0169
4,3700	0,0131
4,3800	0,0143
4,3900	0,0194
4,4000	0,0181
4,4100	0,0118
4,4200	0,0181
4,4300	0,0143
4,4400	0,0080
4,4500	0,0143
4,4600	0,0220
4,4700	0,0207
4,4800	0,0092
4,4900	0,0131
4,5000	0,0194
4,5100	0,0131
4,5200	0,0194
4,5300	0,0131
4,5400	0,0194
4,5500	0,0143
4,5600	0,0169
4,5700	0,0181
4,5800	0,0143
4,5900	0,0156
4,6000	0,0181
4,6100	0,0169
4,6200	0,0181
4,6300	0,0131
4,6400	0,0194
4,6500	0,0156
4,6600	0,0207
4,6700	0,0143
4,6800	0,0169
4,6900	0,0181
4,7000	0,0194
4,7100	0,0118
4,7200	0,0092
4,7300	0,0105
4,7400	0,0207
4,7500	0,0194
4,7600	0,0067
4,7700	0,0143
4,7800	0,0131
4,7900	0,0131
4,8000	0,0207
4,8100	0,0194
4,8200	0,0232
4,8300	0,0194
4,8400	0,0118
4,8500	0,0245
4,8600	0,0258
4,8700	0,0131
4,8800	0,0105
4,8900	0,0245
4,9000	0,0118
4,9100	0,0156
4,9200	0,0181
4,9300	0,0270
4,9400	0,0194
4,9500	0,0220
4,9600	0,0181
4,9700	0,0181
4,9800	0,0220
4,9900	0,0207
5,0000	0,0169
5,0100	0,0131
5,0200	0,0105
5,0300	0,0232
5,0400	0,0220
5,0500	0,0207
5,0600	0,0156
5,0700	0,0194
5,0800	0,0092
5,0900	0,0131
5,1000	0,0131
5,1100	0,0194
5,1200	0,0220
5,1300	0,0181
5,1400	0,0118
5,1500	0,0080
5,1600	0,0143
5,1700	0,0169
5,1800	0,0207
5,1900	0,0131
5,2000	0,0181
5,2100	0,0258
5,2200	0,0245
5,2300	0,0220
5,2400	0,0258
5,2500	0,0181
5,2600	0,0270
5,2700	0,0105
5,2800	0,0131
5,2900	0,0169
5,3000	0,0118
5,3100	0,0156
5,3200	0,0131
5,3300	0,0105
5,3400	0,0156
5,3500	0,0245
5,3600	0,0143
5,3700	0,0207
5,3800	0,0181
5,3900	0,0194
5,4000	0,0181
5,4100	0,0207
5,4200	0,0181
5,4300	0,0181
5,4400	0,0118
5,4500	0,0194
5,4600	0,0131
5,4700	0,0118
5,4800	0,0131
5,4900	0,0245
5,5000	0,0131
5,5100	0,0156
5,5200	0,0220
5,5300	0,0131
5,5400	0,0258
5,5500	0,0143
5,5600	0,0207
5,5700	0,0169
5,5800	0,0143
5,5900	0,0169
5,6000	0,0143
5,6100	0,0245
5,6200	0,0118
5,6300	0,0220
5,6400	0,0207
5,6500	0,0131
5,6600	0,0118
5,6700	0,0181
5,6800	0,0156
5,6900	0,0092
5,7000	0,0118
5,7100	0,0232
5,7200	0,0220
5,7300	0,0156
5,7400	0,0169
5,7500	0,0181
5,7600	0,0118
5,7700	0,0181
5,7800	0,0207
5,7900	0,0181
5,8000	0,0131
5,8100	0,0143
5,8200	0,0245
5,8300	0,0232
5,8400	0,0105
5,8500	0,0207
5,8600	0,0220
5,8700	0,0156
5,8800	0,0207
5,8900	0,0156
5,9000	0,0156
5,9100	0,0232
5,9200	0,0181
5,9300	0,0169
5,9400	0,0156
5,9500	0,0156
5,9600	0,0092
5,9700	0,0194
5,9800	0,0131
5,9900	0,0156
6,0000	0,0105
6,0100	0,0181
6,0200	0,0131
6,0300	0,0143
6,0400	0,0220
6,0500	0,0080
6,0600	0,0143
6,0700	0,0194
6,0800	0,0232
6,0900	0,0131
6,1000	0,0131
6,1100	0,0131
6,1200	0,0207
6,1300	0,0131
6,1400	0,0270
6,1500	0,0220
6,1600	0,0169
6,1700	0,0156
6,1800	0,0080
6,1900	0,0207
6,2000	0,0181
6,2100	0,0156
6,2200	0,0194
6,2300	0,0156
6,2400	0,0194
6,2500	0,0143
6,2600	0,0181
6,2700	0,0181
6,2800	0,0181
6,2900	0,0118
6,3000	0,0194
6,3100	0,0220
6,3200	0,0270
6,3300	0,0181
6,3400	0,0181
6,3500	0,0067
6,3600	0,0080
6,3700	0,0181
6,3800	0,0232
6,3900	0,0156
6,4000	0,0131
6,4100	0,0258
6,4200	0,0156
6,4300	0,0169
6,4400	0,0143
6,4500	0,0131
6,4600	0,0143
6,4700	0,0220
6,4800	0,0207
6,4900	0,0169
6,5000	0,0232
6,5100	0,0207
6,5200	0,0258
6,5300	0,0245
6,5400	0,0156
6,5500	0,0156
6,5600	0,0131
6,5700	0,0105
6,5800	0,0143
6,5900	0,0143
6,6000	0,0220
6,6100	0,0181
6,6200	0,0270
6,6300	0,0207
6,6400	0,0143
6,6500	0,0245
6,6600	0,0232
6,6700	0,0143
6,6800	0,0220
6,6900	0,0181
6,7000	0,0131
6,7100	0,0156
6,7200	0,0105
6,7300	0,0169
6,7400	0,0207
6,7500	0,0181
6,7600	0,0118
6,7700	0,0181
6,7800	0,0181
6,7900	0,0131
6,8000	0,0194
6,8100	0,0156
6,8200	0,0181
6,8300	0,0181
6,8400	0,0105
6,8500	0,0245
6,8600	0,0194
6,8700	0,0258
6,8800	0,0220
6,8900	0,0067
6,9000	0,0105
6,9100	0,0080
6,9200	0,0169
6,9300	0,0067
6,9400	0,0194
6,9500	0,0169
6,9600	0,0118
6,9700	0,0143
6,9800	0,0220
6,9900	0,0131
7,0000	0,0194
7,0100	0,0194
7,0200	0,0118
7,0300	0,0105
7,0400	0,0194
7,0500	0,0181
7,0600	0,0169
7,0700	0,0270
7,0800	0,0232
7,0900	0,0156
7,1000	0,0092
7,1100	0,0220
7,1200	0,0181
7,1300	0,0194
7,1400	0,0143
7,1500	0,0131
7,1600	0,0131
7,1700	0,0143
7,1800	0,0194
7,1900	0,0232
7,2000	0,0194
7,2100	0,0194
7,2200	0,0207
7,2300	0,0131
7,2400	0,0181
7,2500	0,0118
7,2600	0,0207
7,2700	0,0118
7,2800	0,0131
7,2900	0,0156
7,3000	0,0169
7,3100	0,0194
7,3200	0,0181
7,3300	0,0156
7,3400	0,0245
7,3500	0,0054
7,3600	0,0207
7,3700	0,0207
7,3800	0,0258
7,3900	0,0143
7,4000	0,0118
7,4100	0,0105
7,4200	0,0105
7,4300	0,0207
7,4400	0,0118
7,4500	0,0143
7,4600	0,0105
7,4700	0,0220
7,4800	0,0143
7,4900	0,0245
7,5000	0,0143
7,5100	0,0194
7,5200	0,0181
7,5300	0,0143
7,5400	0,0156
7,5500	0,0169
7,5600	0,0169
7,5700	0,0105
7,5800	0,0156
7,5900	0,0118
7,6000	0,0181
7,6100	0,0080
7,6200	0,0067
7,6300	0,0118
7,6400	0,0156
7,6500	0,0143
7,6600	0,0245
7,6700	0,0258
7,6800	0,0118
7,6900	0,0143
7,7000	0,0181
7,7100	0,0156
7,7200	0,0258
7,7300	0,0181
7,7400	0,0143
7,7500	0,0181
7,7600	0,0194
7,7700	0,0181
7,7800	0,0207
7,7900	0,0105
7,8000	0,0105
7,8100	0,0156
7,8200	0,0131
7,8300	0,0181
7,8400	0,0169
7,8500	0,0194
7,8600	0,0181
7,8700	0,0131
7,8800	0,0220
7,8900	0,0080
7,9000	0,0143
7,9100	0,0207
7,9200	0,0092
7,9300	0,0283
7,9400	0,0220
7,9500	0,0270
7,9600	0,0131
7,9700	0,0194
7,9800	0,0258
7,9900	0,0105
8,0000	0,0131
8,0100	0,0156
8,0200	0,0118
8,0300	0,0118
8,0400	0,0181
8,0500	0,0156
8,0600	0,0194
8,0700	0,0143
8,0800	0,0067
8,0900	0,0143
8,1000	0,0207
8,1100	0,0220
8,1200	0,0245
8,1300	0,0169
8,1400	0,0194
8,1500	0,0232
8,1600	0,0194
8,1700	0,0258
8,1800	0,0156
8,1900	0,0143
8,2000	0,0169
8,2100	0,0131
8,2200	0,0105
8,2300	0,0207
8,2400	0,0169
8,2500	0,0232
8,2600	0,0232
8,2700	0,0156
8,2800	0,0181
8,2900	0,0181
8,3000	0,0118
8,3100	0,0194
8,3200	0,0245
8,3300	0,0156
8,3400	0,0143
8,3500	0,0220
8,3600	0,0194
8,3700	0,0105
8,3800	0,0143
8,3900	0,0181
8,4000	0,0169
8,4100	0,0194
8,4200	0,0194
8,4300	0,0194
8,4400	0,0207
8,4500	0,0080
8,4600	0,0080
8,4700	0,0092
8,4800	0,0169
8,4900	0,0270
8,5000	0,0118
8,5100	0,0181
8,5200	0,0080
8,5300	0,0118
8,5400	0,0207
8,5500	0,0156
8,5600	0,0207
8,5700	0,0181
8,5800	0,0143
8,5900	0,0207
8,6000	0,0156
8,6100	0,0131
8,6200	0,0118
8,6300	0,0156
8,6400	0,0118
8,6500	0,0194
8,6600	0,0118
8,6700	0,0156
8,6800	0,0105
8,6900	0,0131
8,7000	0,0220
8,7100	0,0220
8,7200	0,0131
8,7300	0,0220
8,7400	0,0131
8,7500	0,0092
8,7600	0,0194
8,7700	0,0131
8,7800	0,0207
8,7900	0,0181
8,8000	0,0131
8,8100	0,0118
8,8200	0,0169
8,8300	0,0131
8,8400	0,0143
8,8500	0,0092
8,8600	0,0220
8,8700	0,0194
8,8800	0,0181
8,8900	0,0194
8,9000	0,0131
8,9100	0,0080
8,9200	0,0194
8,9300	0,0092
8,9400	0,0232
8,9500	0,0245
8,9600	0,0220
8,9700	0,0054
8,9800	0,0131
8,9900	0,0131
9,0000	0,0207
9,0100	0,0131
9,0200	0,0232
9,0300	0,0131
9,0400	0,0194
9,0500	0,0207
9,0600	0,0118
9,0700	0,0181
9,0800	0,0181
9,0900	0,0207
9,1000	0,0080
9,1100	0,0258
9,1200	0,0143
9,1300	0,0207
9,1400	0,0181
9,1500	0,0181
9,1600	0,0194
9,1700	0,0131
9,1800	0,0169
9,1900	0,0092
9,2000	0,0105
9,2100	0,0181
9,2200	0,0220
9,2300	0,0131
9,2400	0,0194
9,2500	0,0194
9,2600	0,0207
9,2700	0,0181
9,2800	0,0194
9,2900	0,0105
9,3000	0,0156
9,3100	0,0105
9,3200	0,0143
9,3300	0,0207
9,3400	0,0118
9,3500	0,0067
9,3600	0,0181
9,3700	0,0181
9,3800	0,0207
9,3900	0,0181
9,4000	0,0105
9,4100	0,0169
9,4200	0,0118
9,4300	0,0194
9,4400	0,0207
9,4500	0,0258
9,4600	0,0105
9,4700	0,0181
9,4800	0,0118
9,4900	0,0194
9,5000	0,0118
9,5100	0,0169
9,5200	0,0169
9,5300	0,0232
9,5400	0,0118
9,5500	0,0194
9,5600	0,0156
9,5700	0,0143
9,5800	0,0092
9,5900	0,0105
9,6000	0,0143
9,6100	0,0207
9,6200	0,0131
9,6300	0,0181
9,6400	0,0220
9,6500	0,0181
9,6600	0,0220
9,6700	0,0143
9,6800	0,0131
9,6900	0,0143
9,7000	0,0207
9,7100	0,0156
9,7200	0,0181
9,7300	0,0283
9,7400	0,0131
9,7500	0,0220
9,7600	0,0169
9,7700	0,0283
9,7800	0,0194
9,7900	0,0118
9,8000	0,0067
9,8100	0,0169
9,8200	0,0194
9,8300	0,0245
9,8400	0,0143
9,8500	0,0181
9,8600	0,0232
9,8700	0,0194
9,8800	0,0245
9,8900	0,0258
9,9000	0,0156
9,9100	0,0156
9,9200	0,0258
9,9300	0,0258
9,9400	0,0232
9,9500	0,0169
9,9600	0,0220
9,9700	0,0054
9,9800	0,0131
9,9900	0,0169
10,0000	0,0207
10,0100	0,0181
10,0200	0,0131
10,0300	0,0194
10,0400	0,0194
10,0500	0,0118
10,0600	0,0118
10,0700	0,0092
10,0800	0,0181
10,0900	0,0194
10,1000	0,0080
10,1100	0,0181
10,1200	0,0181
10,1300	0,0220
10,1400	0,0207
10,1500	0,0105
10,1600	0,0131
10,1700	0,0080
10,1800	0,0207
10,1900	0,0156
10,2000	0,0194
10,2100	0,0131
10,2200	0,0220
10,2300	0,0207
10,2400	0,0156
10,2500	0,0232
10,2600	0,0181
10,2700	0,0194
10,2800	0,0194
10,2900	0,0092
10,3000	0,0207
10,3100	0,0156
10,3200	0,0258
10,3300	0,0067
10,3400	0,0156
10,3500	0,0245
10,3600	0,0156
10,3700	0,0169
10,3800	0,0194
10,3900	0,0258
10,4000	0,0169
10,4100	0,0181
10,4200	0,0207
10,4300	0,0156
10,4400	0,0118
10,4500	0,0181
10,4600	0,0220
10,4700	0,0181
10,4800	0,0131
10,4900	0,0169
10,5000	0,0194
10,5100	0,0169
10,5200	0,0207
10,5300	0,0105
10,5400	0,0207
10,5500	0,0169
10,5600	0,0143
10,5700	0,0207
10,5800	0,0169
10,5900	0,0232
10,6000	0,0232
10,6100	0,0156
10,6200	0,0194
10,6300	0,0092
10,6400	0,0131
10,6500	0,0169
10,6600	0,0181
10,6700	0,0105
10,6800	0,0156
10,6900	0,0143
10,7000	0,0067
10,7100	0,0194
10,7200	0,0194
10,7300	0,0181
10,7400	0,0181
10,7500	0,0169
10,7600	0,0131
10,7700	0,0118
10,7800	0,0194
10,7900	0,0194
10,8000	0,0220
10,8100	0,0131
10,8200	0,0181
10,8300	0,0169
10,8400	0,0131
10,8500	0,0169
10,8600	0,0143
10,8700	0,0207
10,8800	0,0258
10,8900	0,0220
10,9000	0,0118
10,9100	0,0207
10,9200	0,0194
10,9300	0,0143
10,9400	0,0207
10,9500	0,0232
10,9600	0,0131
10,9700	0,0181
10,9800	0,0207
10,9900	0,0156
11,0000	0,0270
11,0100	0,0156
11,0200	0,0169
11,0300	0,0156
11,0400	0,0169
11,0500	0,0143
11,0600	0,0105
11,0700	0,0207
11,0800	0,0169
11,0900	0,0143
11,1000	0,0220
11,1100	0,0156
11,1200	0,0181
11,1300	0,0181
11,1400	0,0270
11,1500	0,0194
11,1600	0,0207
11,1700	0,0245
11,1800	0,0270
11,1900	0,0156
11,2000	0,0207
11,2100	0,0156
11,2200	0,0169
11,2300	0,0194
11,2400	0,0194
11,2500	0,0207
11,2600	0,0232
11,2700	0,0207
11,2800	0,0270
11,2900	0,0169
11,3000	0,0207
11,3100	0,0181
11,3200	0,0181
11,3300	0,0232
11,3400	0,0143
11,3500	0,0207
11,3600	0,0194
11,3700	0,0105
11,3800	0,0118
11,3900	0,0054
11,4000	0,0194
11,4100	0,0181
11,4200	0,0143
11,4300	0,0258
11,4400	0,0143
11,4500	0,0105
11,4600	0,0245
11,4700	0,0207
11,4800	0,0156
11,4900	0,0270
11,5000	0,0118
11,5100	0,0181
11,5200	0,0232
11,5300	0,0067
11,5400	0,0156
11,5500	0,0092
11,5600	0,0207
11,5700	0,0334
11,5800	0,0067
11,5900	0,0143
11,6000	0,0131
11,6100	0,0220
11,6200	0,0270
11,6300	0,0232
11,6400	0,0232
11,6500	0,0143
11,6600	0,0258
11,6700	0,0156
11,6800	0,0207
11,6900	0,0232
11,7000	0,0105
11,7100	0,0283
11,7200	0,0181
11,7300	0,0258
11,7400	0,0245
11,7500	0,0194
11,7600	0,0220
11,7700	0,0194
11,7800	0,0245
11,7900	0,0245
11,8000	0,0359
11,8100	0,0207
11,8200	0,0347
11,8300	0,0283
11,8400	0,0283
11,8500	0,0347
11,8600	0,0143
11,8700	0,0372
11,8800	0,0270
11,8900	0,0461
11,9000	0,0283
11,9100	0,0309
11,9200	0,0474
11,9300	0,0347
11,9400	0,0436
11,9500	0,0537
11,9600	0,0474
11,9700	0,0474
11,9800	0,0398
11,9900	0,0359
12,0000	0,0690
12,0100	0,0563
12,0200	0,0563
12,0300	0,0639
12,0400	0,0525
12,0500	0,0601
12,0600	0,0550
12,0700	0,0550
12,0800	0,0588
12,0900	0,0334
12,1000	0,0601
12,1100	0,0537
12,1200	0,0232
12,1300	0,0461
12,1400	0,0410
12,1500	0,0499
12,1600	0,0398
12,1700	0,0194
12,1800	0,0385
12,1900	0,0296
12,2000	0,0372
12,2100	0,0283
12,2200	0,0258
12,2300	0,0258
12,2400	0,0270
12,2500	0,0181
12,2600	0,0232
12,2700	0,0207
12,2800	0,0118
12,2900	0,0220
12,3000	0,0181
12,3100	0,0220
12,3200	0,0181
12,3300	0,0194
12,3400	0,0398
12,3500	0,0156
12,3600	0,0169
12,3700	0,0080
12,3800	0,0194
12,3900	0,0105
12,4000	0,0169
12,4100	0,0232
12,4200	0,0207
12,4300	0,0181
12,4400	0,0156
12,4500	0,0207
12,4600	0,0270
12,4700	0,0220
12,4800	0,0194
12,4900	0,0143
12,5000	0,0092
12,5100	0,0207
12,5200	0,0131
12,5300	0,0207
12,5400	0,0194
12,5500	0,0143
12,5600	0,0181
12,5700	0,0270
12,5800	0,0143
12,5900	0,0181
12,6000	0,0207
12,6100	0,0207
12,6200	0,0232
12,6300	0,0118
12,6400	0,0143
12,6500	0,0181
12,6600	0,0194
12,6700	0,0232
12,6800	0,0207
12,6900	0,0207
12,7000	0,0220
12,7100	0,0220
12,7200	0,0131
12,7300	0,0270
12,7400	0,0092
12,7500	0,0143
12,7600	0,0220
12,7700	0,0156
12,7800	0,0181
12,7900	0,0220
12,8000	0,0258
12,8100	0,0270
12,8200	0,0169
12,8300	0,0207
12,8400	0,0283
12,8500	0,0220
12,8600	0,0181
12,8700	0,0181
12,8800	0,0181
12,8900	0,0207
12,9000	0,0169
12,9100	0,0309
12,9200	0,0283
12,9300	0,0194
12,9400	0,0194
12,9500	0,0131
12,9600	0,0232
12,9700	0,0156
12,9800	0,0334
12,9900	0,0270
13,0000	0,0207
13,0100	0,0359
13,0200	0,0220
13,0300	0,0232
13,0400	0,0347
13,0500	0,0156
13,0600	0,0258
13,0700	0,0181
13,0800	0,0232
13,0900	0,0309
13,1000	0,0309
13,1100	0,0232
13,1200	0,0245
13,1300	0,0245
13,1400	0,0194
13,1500	0,0372
13,1600	0,0067
13,1700	0,0283
13,1800	0,0258
13,1900	0,0181
13,2000	0,0143
13,2100	0,0232
13,2200	0,0143
13,2300	0,0156
13,2400	0,0156
13,2500	0,0156
13,2600	0,0156
13,2700	0,0143
13,2800	0,0156
13,2900	0,0156
13,3000	0,0181
13,3100	0,0194
13,3200	0,0156
13,3300	0,0156
13,3400	0,0207
13,3500	0,0283
13,3600	0,0169
13,3700	0,0232
13,3800	0,0118
13,3900	0,0181
13,4000	0,0258
13,4100	0,0181
13,4200	0,0194
13,4300	0,0169
13,4400	0,0220
13,4500	0,0169
13,4600	0,0194
13,4700	0,0207
13,4800	0,0207
13,4900	0,0220
13,5000	0,0181
13,5100	0,0131
13,5200	0,0143
13,5300	0,0156
13,5400	0,0105
13,5500	0,0181
13,5600	0,0156
13,5700	0,0181
13,5800	0,0207
13,5900	0,0207
13,6000	0,0220
13,6100	0,0080
13,6200	0,0105
13,6300	0,0245
13,6400	0,0194
13,6500	0,0194
13,6600	0,0181
13,6700	0,0131
13,6800	0,0207
13,6900	0,0169
13,7000	0,0194
13,7100	0,0245
13,7200	0,0220
13,7300	0,0169
13,7400	0,0232
13,7500	0,0156
13,7600	0,0334
13,7700	0,0283
13,7800	0,0220
13,7900	0,0245
13,8000	0,0207
13,8100	0,0131
13,8200	0,0245
13,8300	0,0207
13,8400	0,0245
13,8500	0,0207
13,8600	0,0347
13,8700	0,0232
13,8800	0,0194
13,8900	0,0169
13,9000	0,0220
13,9100	0,0334
13,9200	0,0347
13,9300	0,0309
13,9400	0,0334
13,9500	0,0423
13,9600	0,0232
13,9700	0,0398
13,9800	0,0309
13,9900	0,0372
14,0000	0,0372
14,0100	0,0398
14,0200	0,0499
14,0300	0,0385
14,0400	0,0487
14,0500	0,0448
14,0600	0,0423
14,0700	0,0448
14,0800	0,0436
14,0900	0,0309
14,1000	0,0550
14,1100	0,0537
14,1200	0,0347
14,1300	0,0448
14,1400	0,0525
14,1500	0,0423
14,1600	0,0372
14,1700	0,0283
14,1800	0,0258
14,1900	0,0398
14,2000	0,0487
14,2100	0,0334
14,2200	0,0321
14,2300	0,0321
14,2400	0,0270
14,2500	0,0309
14,2600	0,0143
14,2700	0,0245
14,2800	0,0245
14,2900	0,0296
14,3000	0,0194
14,3100	0,0118
14,3200	0,0245
14,3300	0,0143
14,3400	0,0207
14,3500	0,0194
14,3600	0,0169
14,3700	0,0220
14,3800	0,0245
14,3900	0,0181
14,4000	0,0334
14,4100	0,0270
14,4200	0,0258
14,4300	0,0169
14,4400	0,0232
14,4500	0,0220
14,4600	0,0220
14,4700	0,0169
14,4800	0,0258
14,4900	0,0207
14,5000	0,0194
14,5100	0,0143
14,5200	0,0131
14,5300	0,0131
14,5400	0,0194
14,5500	0,0118
14,5600	0,0181
14,5700	0,0194
14,5800	0,0258
14,5900	0,0220
14,6000	0,0156
14,6100	0,0118
14,6200	0,0181
14,6300	0,0194
14,6400	0,0270
14,6500	0,0169
14,6600	0,0207
14,6700	0,0359
14,6800	0,0143
14,6900	0,0194
14,7000	0,0258
14,7100	0,0258
14,7200	0,0296
14,7300	0,0258
14,7400	0,0283
14,7500	0,0309
14,7600	0,0245
14,7700	0,0245
14,7800	0,0321
14,7900	0,0283
14,8000	0,0207
14,8100	0,0270
14,8200	0,0321
14,8300	0,0372
14,8400	0,0169
14,8500	0,0270
14,8600	0,0372
14,8700	0,0232
14,8800	0,0359
14,8900	0,0258
14,9000	0,0321
14,9100	0,0283
14,9200	0,0283
14,9300	0,0499
14,9400	0,0499
14,9500	0,0639
14,9600	0,0576
14,9700	0,0512
14,9800	0,0525
14,9900	0,0563
15,0000	0,0563
15,0100	0,0677
15,0200	0,0881
15,0300	0,0588
15,0400	0,0970
15,0500	0,0563
15,0600	0,0906
15,0700	0,0677
15,0800	0,0753
15,0900	0,0715
15,1000	0,1084
15,1100	0,0690
15,1200	0,0868
15,1300	0,0448
15,1400	0,0766
15,1500	0,0715
15,1600	0,0588
15,1700	0,0842
15,1800	0,0245
15,1900	0,0665
15,2000	0,0487
15,2100	0,0601
15,2200	0,0487
15,2300	0,0398
15,2400	0,0270
15,2500	0,0410
15,2600	0,0283
15,2700	0,0372
15,2800	0,0385
15,2900	0,0245
15,3000	0,0359
15,3100	0,0309
15,3200	0,0359
15,3300	0,0334
15,3400	0,0347
15,3500	0,0372
15,3600	0,0207
15,3700	0,0245
15,3800	0,0334
15,3900	0,0207
15,4000	0,0309
15,4100	0,0169
15,4200	0,0283
15,4300	0,0258
15,4400	0,0169
15,4500	0,0131
15,4600	0,0270
15,4700	0,0232
15,4800	0,0270
15,4900	0,0232
15,5000	0,0232
15,5100	0,0207
15,5200	0,0334
15,5300	0,0245
15,5400	0,0309
15,5500	0,0207
15,5600	0,0181
15,5700	0,0220
15,5800	0,0194
15,5900	0,0296
15,6000	0,0309
15,6100	0,0309
15,6200	0,0181
15,6300	0,0321
15,6400	0,0118
15,6500	0,0156
15,6600	0,0296
15,6700	0,0309
15,6800	0,0207
15,6900	0,0321
15,7000	0,0156
15,7100	0,0321
15,7200	0,0385
15,7300	0,0220
15,7400	0,0258
15,7500	0,0347
15,7600	0,0347
15,7700	0,0334
15,7800	0,0385
15,7900	0,0410
15,8000	0,0398
15,8100	0,0283
15,8200	0,0448
15,8300	0,0232
15,8400	0,0614
15,8500	0,0283
15,8600	0,0436
15,8700	0,0474
15,8800	0,0436
15,8900	0,0512
15,9000	0,0347
15,9100	0,0283
15,9200	0,0550
15,9300	0,0347
15,9400	0,0601
15,9500	0,0550
15,9600	0,0804
15,9700	0,0639
15,9800	0,0715
15,9900	0,0753
16,0000	0,0855
16,0100	0,0893
16,0200	0,0906
16,0300	0,0842
16,0400	0,0868
16,0500	0,1211
16,0600	0,0703
16,0700	0,0919
16,0800	0,0868
16,0900	0,0982
16,1000	0,0842
16,1100	0,0804
16,1200	0,1008
16,1300	0,1109
16,1400	0,1008
16,1500	0,1135
16,1600	0,0855
16,1700	0,0817
16,1800	0,0842
16,1900	0,0855
16,2000	0,0525
16,2100	0,0563
16,2200	0,0766
16,2300	0,0576
16,2400	0,0601
16,2500	0,0626
16,2600	0,0448
16,2700	0,0652
16,2800	0,0347
16,2900	0,0372
16,3000	0,0728
16,3100	0,0385
16,3200	0,0474
16,3300	0,0347
16,3400	0,0410
16,3500	0,0385
16,3600	0,0359
16,3700	0,0436
16,3800	0,0372
16,3900	0,0321
16,4000	0,0385
16,4100	0,0474
16,4200	0,0372
16,4300	0,0232
16,4400	0,0487
16,4500	0,0283
16,4600	0,0309
16,4700	0,0448
16,4800	0,0194
16,4900	0,0309
16,5000	0,0258
16,5100	0,0321
16,5200	0,0321
16,5300	0,0334
16,5400	0,0258
16,5500	0,0270
16,5600	0,0258
16,5700	0,0398
16,5800	0,0283
16,5900	0,0181
16,6000	0,0347
16,6100	0,0207
16,6200	0,0372
16,6300	0,0385
16,6400	0,0347
16,6500	0,0156
16,6600	0,0347
16,6700	0,0321
16,6800	0,0283
16,6900	0,0474
16,7000	0,0398
16,7100	0,0398
16,7200	0,0359
16,7300	0,0385
16,7400	0,0372
16,7500	0,0639
16,7600	0,0385
16,7700	0,0296
16,7800	0,0448
16,7900	0,0398
16,8000	0,0487
16,8100	0,0550
16,8200	0,0461
16,8300	0,0525
16,8400	0,0550
16,8500	0,0537
16,8600	0,0487
16,8700	0,0588
16,8800	0,0499
16,8900	0,0703
16,9000	0,0677
16,9100	0,0728
16,9200	0,0537
16,9300	0,0893
16,9400	0,0766
16,9500	0,0804
16,9600	0,1109
16,9700	0,0715
16,9800	0,1020
16,9900	0,1122
17,0000	0,1020
17,0100	0,1669
17,0200	0,0906
17,0300	0,1783
17,0400	0,1389
17,0500	0,1440
17,0600	0,1554
17,0700	0,1593
17,0800	0,1376
17,0900	0,1999
17,1000	0,1529
17,1100	0,1872
17,1200	0,1809
17,1300	0,1847
17,1400	0,1732
17,1500	0,1936
17,1600	0,1809
17,1700	0,1669
17,1800	0,1364
17,1900	0,1809
17,2000	0,1440
17,2100	0,1402
17,2200	0,1453
17,2300	0,0906
17,2400	0,1109
17,2500	0,1097
17,2600	0,1008
17,2700	0,1097
17,2800	0,1008
17,2900	0,1249
17,3000	0,0792
17,3100	0,0741
17,3200	0,0919
17,3300	0,0766
17,3400	0,0906
17,3500	0,0525
17,3600	0,0626
17,3700	0,0588
17,3800	0,0677
17,3900	0,0512
17,4000	0,0639
17,4100	0,0817
17,4200	0,0398
17,4300	0,0665
17,4400	0,0792
17,4500	0,0359
17,4600	0,0525
17,4700	0,0550
17,4800	0,0741
17,4900	0,0385
17,5000	0,0614
17,5100	0,0525
17,5200	0,0474
17,5300	0,0576
17,5400	0,0448
17,5500	0,0677
17,5600	0,0436
17,5700	0,0639
17,5800	0,0398
17,5900	0,0601
17,6000	0,0436
17,6100	0,0461
17,6200	0,0461
17,6300	0,0512
17,6400	0,0563
17,6500	0,0461
17,6600	0,0537
17,6700	0,0639
17,6800	0,0474
17,6900	0,0690
17,7000	0,0639
17,7100	0,0601
17,7200	0,1135
17,7300	0,0601
17,7400	0,0677
17,7500	0,0931
17,7600	0,0728
17,7700	0,0868
17,7800	0,0906
17,7900	0,0779
17,8000	0,0919
17,8100	0,1224
17,8200	0,0817
17,8300	0,1211
17,8400	0,0944
17,8500	0,1402
17,8600	0,1148
17,8700	0,1465
17,8800	0,1249
17,8900	0,1516
17,9000	0,1389
17,9100	0,1580
17,9200	0,1427
17,9300	0,2127
17,9400	0,1745
17,9500	0,2038
17,9600	0,1758
17,9700	0,1974
17,9800	0,2076
17,9900	0,2076
18,0000	0,3042
18,0100	0,2495
18,0200	0,3131
18,0300	0,2775
18,0400	0,3233
18,0500	0,3525
18,0600	0,3665
18,0700	0,3767
18,0800	0,4682
18,0900	0,3627
18,1000	0,4835
18,1100	0,4898
18,1200	0,5127
18,1300	0,4555
18,1400	0,5547
18,1500	0,5318
18,1600	0,5547
18,1700	0,5292
18,1800	0,5979
18,1900	0,5191
18,2000	0,4847
18,2100	0,4631
18,2200	0,4720
18,2300	0,4377
18,2400	0,4326
18,2500	0,3767
18,2600	0,3983
18,2700	0,3017
18,2800	0,3296
18,2900	0,3551
18,3000	0,3131
18,3100	0,2864
18,3200	0,2750
18,3300	0,2241
18,3400	0,2470
18,3500	0,2177
18,3600	0,1885
18,3700	0,1732
18,3800	0,1936
18,3900	0,1643
18,4000	0,1643
18,4100	0,1300
18,4200	0,1300
18,4300	0,1732
18,4400	0,1033
18,4500	0,1109
18,4600	0,1287
18,4700	0,1084
18,4800	0,1084
18,4900	0,1262
18,5000	0,0817
18,5100	0,0906
18,5200	0,1186
18,5300	0,0715
18,5400	0,0995
18,5500	0,0677
18,5600	0,0957
18,5700	0,0512
18,5800	0,0487
18,5900	0,0296
18,6000	0,0487
18,6100	0,0385
18,6200	0,0232
18,6300	0,0309
18,6400	0,0398
18,6500	0,0207
18,6600	0,0270
18,6700	0,0181
18,6800	0,0194
18,6900	0,0143
18,7000	0,0245
18,7100	0,0232
18,7200	0,0156
18,7300	0,0080
18,7400	0,0258
18,7500	0,0181
18,7600	0,0156
18,7700	0,0156
18,7800	0,0207
18,7900	0,0207
18,8000	0,0131
18,8100	0,0232
18,8200	0,0181
18,8300	0,0220
18,8400	0,0194
18,8500	0,0143
18,8600	0,0245
18,8700	0,0245
18,8800	0,0220
18,8900	0,0156
18,9000	0,0143
18,9100	0,0143
18,9200	0,0258
18,9300	0,0232
18,9400	0,0169
18,9500	0,0181
18,9600	0,0156
18,9700	0,0092
18,9800	0,0118
18,9900	0,0232
19,0000	0,0092
19,0100	0,0080
19,0200	0,0232
19,0300	0,0296
19,0400	0,0181
19,0500	0,0105
19,0600	0,0156
19,0700	0,0207
19,0800	0,0220
19,0900	0,0143
19,1000	0,0220
19,1100	0,0245
19,1200	0,0118
19,1300	0,0181
19,1400	0,0169
19,1500	0,0232
19,1600	0,0169
19,1700	0,0169
19,1800	0,0232
19,1900	0,0156
19,2000	0,0283
19,2100	0,0232
19,2200	0,0143
19,2300	0,0156
19,2400	0,0143
19,2500	0,0181
19,2600	0,0309
19,2700	0,0220
19,2800	0,0270
19,2900	0,0092
19,3000	0,0105
19,3100	0,0143
19,3200	0,0194
19,3300	0,0207
19,3400	0,0207
19,3500	0,0143
19,3600	0,0207
19,3700	0,0169
19,3800	0,0194
19,3900	0,0131
19,4000	0,0118
19,4100	0,0169
19,4200	0,0169
19,4300	0,0118
19,4400	0,0283
19,4500	0,0156
19,4600	0,0220
19,4700	0,0131
19,4800	0,0207
19,4900	0,0194
19,5000	0,0220
19,5100	0,0194
19,5200	0,0067
19,5300	0,0207
19,5400	0,0194
19,5500	0,0232
19,5600	0,0092
19,5700	0,0207
19,5800	0,0207
19,5900	0,0220
19,6000	0,0194
19,6100	0,0143
19,6200	0,0207
19,6300	0,0283
19,6400	0,0232
19,6500	0,0092
19,6600	0,0054
19,6700	0,0156
19,6800	0,0067
19,6900	0,0181
19,7000	0,0156
19,7100	0,0156
19,7200	0,0169
19,7300	0,0143
19,7400	0,0131
19,7500	0,0131
19,7600	0,0220
19,7700	0,0131
19,7800	0,0220
19,7900	0,0156
19,8000	0,0194
19,8100	0,0080
19,8200	0,0181
19,8300	0,0131
19,8400	0,0181
19,8500	0,0143
19,8600	0,0143
19,8700	0,0156
19,8800	0,0270
19,8900	0,0143
19,9000	0,0131
19,9100	0,0156
19,9200	0,0181
19,9300	0,0131
19,9400	0,0194
19,9500	0,0181
19,9600	0,0207
19,9700	0,0169
19,9800	0,0143
19,9900	0,0080
20,0000	0,0258
20,0100	0,0118
20,0200	0,0156
20,0300	0,0156
20,0400	0,0143
20,0500	0,0169
20,0600	0,0169
20,0700	0,0156
20,0800	0,0258
20,0900	0,0080
20,1000	0,0207
20,1100	0,0207
20,1200	0,0181
20,1300	0,0156
20,1400	0,0245
20,1500	0,0169
20,1600	0,0181
20,1700	0,0245
20,1800	0,0258
20,1900	0,0092
20,2000	0,0245
20,2100	0,0194
20,2200	0,0270
20,2300	0,0181
20,2400	0,0169
20,2500	0,0245
20,2600	0,0181
20,2700	0,0232
20,2800	0,0232
20,2900	0,0258
20,3000	0,0309
20,3100	0,0118
20,3200	0,0194
20,3300	0,0207
20,3400	0,0169
20,3500	0,0169
20,3600	0,0207
20,3700	0,0207
20,3800	0,0143
20,3900	0,0143
20,4000	0,0131
20,4100	0,0258
20,4200	0,0283
20,4300	0,0118
20,4400	0,0169
20,4500	0,0220
20,4600	0,0194
20,4700	0,0054
20,4800	0,0156
20,4900	0,0207
20,5000	0,0156
20,5100	0,0220
20,5200	0,0067
20,5300	0,0207
20,5400	0,0258
20,5500	0,0220
20,5600	0,0194
20,5700	0,0220
20,5800	0,0232
20,5900	0,0156
20,6000	0,0169
20,6100	0,0080
20,6200	0,0054
20,6300	0,0194
20,6400	0,0067
20,6500	0,0232
20,6600	0,0118
20,6700	0,0181
20,6800	0,0181
20,6900	0,0143
20,7000	0,0194
20,7100	0,0181
20,7200	0,0169
20,7300	0,0194
20,7400	0,0258
20,7500	0,0092
20,7600	0,0156
20,7700	0,0092
20,7800	0,0105
20,7900	0,0194
20,8000	0,0207
20,8100	0,0118
20,8200	0,0143
20,8300	0,0118
20,8400	0,0283
20,8500	0,0143
20,8600	0,0118
20,8700	0,0194
20,8800	0,0118
20,8900	0,0092
20,9000	0,0080
20,9100	0,0232
20,9200	0,0194
20,9300	0,0156
20,9400	0,0131
20,9500	0,0080
20,9600	0,0143
20,9700	0,0232
20,9800	0,0181
20,9900	0,0181
21,0000	0,0194
21,0100	0,0105
21,0200	0,0118
21,0300	0,0270
21,0400	0,0080
21,0500	0,0067
21,0600	0,0169
21,0700	0,0156
21,0800	0,0194
21,0900	0,0220
21,1000	0,0131
21,1100	0,0207
21,1200	0,0092
21,1300	0,0118
21,1400	0,0181
21,1500	0,0105
21,1600	0,0092
21,1700	0,0220
21,1800	0,0194
21,1900	0,0194
21,2000	0,0232
21,2100	0,0169
21,2200	0,0143
21,2300	0,0118
21,2400	0,0194
21,2500	0,0143
21,2600	0,0181
21,2700	0,0220
21,2800	0,0232
21,2900	0,0143
21,3000	0,0131
21,3100	0,0092
21,3200	0,0207
21,3300	0,0232
21,3400	0,0067
21,3500	0,0194
21,3600	0,0194
21,3700	0,0143
21,3800	0,0143
21,3900	0,0194
21,4000	0,0131
21,4100	0,0207
21,4200	0,0220
21,4300	0,0169
21,4400	0,0092
21,4500	0,0143
21,4600	0,0092
21,4700	0,0143
21,4800	0,0169
21,4900	0,0080
21,5000	0,0283
21,5100	0,0194
21,5200	0,0105
21,5300	0,0207
21,5400	0,0143
21,5500	0,0258
21,5600	0,0092
21,5700	0,0181
21,5800	0,0207
21,5900	0,0181
21,6000	0,0118
21,6100	0,0067
21,6200	0,0092
21,6300	0,0156
21,6400	0,0131
21,6500	0,0258
21,6600	0,0207
21,6700	0,0194
21,6800	0,0143
21,6900	0,0181
21,7000	0,0169
21,7100	0,0232
21,7200	0,0181
21,7300	0,0220
21,7400	0,0207
21,7500	0,0156
21,7600	0,0143
21,7700	0,0181
21,7800	0,0232
21,7900	0,0194
21,8000	0,0143
21,8100	0,0169
21,8200	0,0181
21,8300	0,0156
21,8400	0,0220
21,8500	0,0042
21,8600	0,0207
21,8700	0,0181
21,8800	0,0207
21,8900	0,0181
21,9000	0,0156
21,9100	0,0194
21,9200	0,0143
21,9300	0,0118
21,9400	0,0245
21,9500	0,0105
21,9600	0,0169
21,9700	0,0169
21,9800	0,0169
21,9900	0,0232
22,0000	0,0181
22,0100	0,0181
22,0200	0,0207
22,0300	0,0232
22,0400	0,0156
22,0500	0,0245
22,0600	0,0220
22,0700	0,0169
22,0800	0,0156
22,0900	0,0169
22,1000	0,0270
22,1100	0,0169
22,1200	0,0143
22,1300	0,0270
22,1400	0,0118
22,1500	0,0296
22,1600	0,0220
22,1700	0,0232
22,1800	0,0232
22,1900	0,0194
22,2000	0,0143
22,2100	0,0207
22,2200	0,0309
22,2300	0,0143
22,2400	0,0118
22,2500	0,0131
22,2600	0,0258
22,2700	0,0207
22,2800	0,0258
22,2900	0,0143
22,3000	0,0143
22,3100	0,0181
22,3200	0,0296
22,3300	0,0220
22,3400	0,0143
22,3500	0,0143
22,3600	0,0220
22,3700	0,0296
22,3800	0,0156
22,3900	0,0258
22,4000	0,0105
22,4100	0,0131
22,4200	0,0156
22,4300	0,0131
22,4400	0,0118
22,4500	0,0245
22,4600	0,0156
22,4700	0,0080
22,4800	0,0092
22,4900	0,0232
22,5000	0,0207
22,5100	0,0118
22,5200	0,0169
22,5300	0,0105
22,5400	0,0118
22,5500	0,0232
22,5600	0,0156
22,5700	0,0232
22,5800	0,0169
22,5900	0,0270
22,6000	0,0220
22,6100	0,0258
22,6200	0,0105
22,6300	0,0194
22,6400	0,0169
22,6500	0,0067
22,6600	0,0232
22,6700	0,0143
22,6800	0,0131
22,6900	0,0232
22,7000	0,0143
22,7100	0,0118
22,7200	0,0156
22,7300	0,0156
22,7400	0,0232
22,7500	0,0080
22,7600	0,0105
22,7700	0,0156
22,7800	0,0181
22,7900	0,0245
22,8000	0,0283
22,8100	0,0283
22,8200	0,0194
22,8300	0,0181
22,8400	0,0181
22,8500	0,0143
22,8600	0,0194
22,8700	0,0143
22,8800	0,0054
22,8900	0,0245
22,9000	0,0092
22,9100	0,0143
22,9200	0,0169
22,9300	0,0245
22,9400	0,0042
22,9500	0,0232
22,9600	0,0181
22,9700	0,0131
22,9800	0,0156
22,9900	0,0143
23,0000	0,0042
23,0100	0,0194
23,0200	0,0042
23,0300	0,0245
23,0400	0,0181
23,0500	0,0207
23,0600	0,0245
23,0700	0,0270
23,0800	0,0156
23,0900	0,0169
23,1000	0,0131
23,1100	0,0194
23,1200	0,0143
23,1300	0,0156
23,1400	0,0220
23,1500	0,0220
23,1600	0,0220
23,1700	0,0232
23,1800	0,0118
23,1900	0,0220
23,2000	0,0207
23,2100	0,0054
23,2200	0,0181
23,2300	0,0258
23,2400	0,0131
23,2500	0,0105
23,2600	0,0296
23,2700	0,0118
23,2800	0,0207
23,2900	0,0245
23,3000	0,0232
23,3100	0,0156
23,3200	0,0156
23,3300	0,0258
23,3400	0,0232
23,3500	0,0207
23,3600	0,0118
23,3700	0,0334
23,3800	0,0131
23,3900	0,0067
23,4000	0,0181
23,4100	0,0131
23,4200	0,0232
23,4300	0,0270
23,4400	0,0092
23,4500	0,0181
23,4600	0,0169
23,4700	0,0067
23,4800	0,0194
23,4900	0,0207
23,5000	0,0220
23,5100	0,0169
23,5200	0,0181
23,5300	0,0169
23,5400	0,0067
23,5500	0,0169
23,5600	0,0296
23,5700	0,0105
23,5800	0,0270
23,5900	0,0105
23,6000	0,0105
23,6100	0,0156
23,6200	0,0309
23,6300	0,0232
23,6400	0,0283
23,6500	0,0080
23,6600	0,0194
23,6700	0,0232
23,6800	0,0118
23,6900	0,0169
23,7000	0,0232
23,7100	0,0131
23,7200	0,0245
23,7300	0,0118
23,7400	0,0232
23,7500	0,0169
23,7600	0,0092
23,7700	0,0232
23,7800	0,0131
23,7900	0,0245
23,8000	0,0181
23,8100	0,0143
23,8200	0,0092
23,8300	0,0232
23,8400	0,0270
23,8500	0,0270
23,8600	0,0131
23,8700	0,0067
23,8800	0,0207
23,8900	0,0143
23,9000	0,0194
23,9100	0,0169
23,9200	0,0118
23,9300	0,0143
23,9400	0,0131
23,9500	0,0156
23,9600	0,0194
23,9700	0,0092
23,9800	0,0207
23,9900	0,0220
24,0000	0,0207
24,0100	0,0334
24,0200	0,0220
24,0300	0,0181
24,0400	0,0194
24,0500	0,0169
24,0600	0,0181
24,0700	0,0181
24,0800	0,0207
24,0900	0,0156
24,1000	0,0156
24,1100	0,0194
24,1200	0,0080
24,1300	0,0207
24,1400	0,0131
24,1500	0,0143
24,1600	0,0118
24,1700	0,0181
24,1800	0,0105
24,1900	0,0169
24,2000	0,0181
24,2100	0,0258
24,2200	0,0131
24,2300	0,0258
24,2400	0,0131
24,2500	0,0118
24,2600	0,0118
24,2700	0,0207
24,2800	0,0169
24,2900	0,0118
24,3000	0,0143
24,3100	0,0118
24,3200	0,0258
24,3300	0,0220
24,3400	0,0245
24,3500	0,0118
24,3600	0,0105
24,3700	0,0181
24,3800	0,0194
24,3900	0,0232
24,4000	0,0181
24,4100	0,0181
24,4200	0,0245
24,4300	0,0169
24,4400	0,0092
24,4500	0,0143
24,4600	0,0105
24,4700	0,0232
24,4800	0,0156
24,4900	0,0270
24,5000	0,0207
24,5100	0,0156
24,5200	0,0220
24,5300	0,0131
24,5400	0,0258
24,5500	0,0207
24,5600	0,0131
24,5700	0,0131
24,5800	0,0220
24,5900	0,0169
24,6000	0,0118
24,6100	0,0258
24,6200	0,0156
24,6300	0,0080
24,6400	0,0181
24,6500	0,0181
24,6600	0,0067
24,6700	0,0207
24,6800	0,0131
24,6900	0,0143
24,7000	0,0118
24,7100	0,0118
24,7200	0,0131
24,7300	0,0169
24,7400	0,0207
24,7500	0,0220
24,7600	0,0143
24,7700	0,0232
24,7800	0,0131
24,7900	0,0156
24,8000	0,0232
24,8100	0,0156
24,8200	0,0207
24,8300	0,0092
24,8400	0,0143
24,8500	0,0232
24,8600	0,0131
24,8700	0,0067
24,8800	0,0156
24,8900	0,0118
24,9000	0,0143
24,9100	0,0194
24,9200	0,0118
24,9300	0,0067
24,9400	0,0245
24,9500	0,0131
24,9600	0,0220
24,9700	0,0092
24,9800	0,0207
24,9900	0,0105
25,0000	0,0156
25,0100	0,0131
25,0200	0,0270
25,0300	0,0181
25,0400	0,0143
25,0500	0,0181
25,0600	0,0194
25,0700	0,0181
25,0800	0,0232
25,0900	0,0118
25,1000	0,0309
25,1100	0,0270
25,1200	0,0080
25,1300	0,0169
25,1400	0,0245
25,1500	0,0092
25,1600	0,0296
25,1700	0,0398
25,1800	0,0245
25,1900	0,0181
25,2000	0,0181
25,2100	0,0207
25,2200	0,0232
25,2300	0,0232
25,2400	0,0194
25,2500	0,0296
25,2600	0,0181
25,2700	0,0245
25,2800	0,0270
25,2900	0,0296
25,3000	0,0220
25,3100	0,0156
25,3200	0,0334
25,3300	0,0156
25,3400	0,0270
25,3500	0,0232
25,3600	0,0181
25,3700	0,0220
25,3800	0,0283
25,3900	0,0156
25,4000	0,0194
25,4100	0,0131
25,4200	0,0131
25,4300	0,0207
25,4400	0,0220
25,4500	0,0092
25,4600	0,0131
25,4700	0,0169
25,4800	0,0194
25,4900	0,0194
25,5000	0,0169
25,5100	0,0245
25,5200	0,0156
25,5300	0,0067
25,5400	0,0232
25,5500	0,0131
25,5600	0,0156
25,5700	0,0143
25,5800	0,0220
25,5900	0,0207
25,6000	0,0131
25,6100	0,0054
25,6200	0,0156
25,6300	0,0118
25,6400	0,0232
25,6500	0,0283
25,6600	0,0220
25,6700	0,0207
25,6800	0,0181
25,6900	0,0181
25,7000	0,0169
25,7100	0,0092
25,7200	0,0220
25,7300	0,0169
25,7400	0,0232
25,7500	0,0156
25,7600	0,0181
25,7700	0,0131
25,7800	0,0220
25,7900	0,0131
25,8000	0,0258
25,8100	0,0232
25,8200	0,0118
25,8300	0,0258
25,8400	0,0232
25,8500	0,0194
25,8600	0,0118
25,8700	0,0309
25,8800	0,0232
25,8900	0,0270
25,9000	0,0118
25,9100	0,0220
25,9200	0,0283
25,9300	0,0283
25,9400	0,0118
25,9500	0,0270
25,9600	0,0207
25,9700	0,0283
25,9800	0,0283
25,9900	0,0181
26,0000	0,0194
26,0100	0,0334
26,0200	0,0270
26,0300	0,0194
26,0400	0,0283
26,0500	0,0385
26,0600	0,0258
26,0700	0,0309
26,0800	0,0283
26,0900	0,0385
26,1000	0,0283
26,1100	0,0321
26,1200	0,0169
26,1300	0,0423
26,1400	0,0359
26,1500	0,0131
26,1600	0,0461
26,1700	0,0385
26,1800	0,0448
26,1900	0,0156
26,2000	0,0258
26,2100	0,0321
26,2200	0,0461
26,2300	0,0181
26,2400	0,0512
26,2500	0,0398
26,2600	0,0461
26,2700	0,0334
26,2800	0,0296
26,2900	0,0309
26,3000	0,0181
26,3100	0,0270
26,3200	0,0359
26,3300	0,0372
26,3400	0,0194
26,3500	0,0347
26,3600	0,0334
26,3700	0,0258
26,3800	0,0347
26,3900	0,0207
26,4000	0,0258
26,4100	0,0321
26,4200	0,0321
26,4300	0,0321
26,4400	0,0347
26,4500	0,0156
26,4600	0,0423
26,4700	0,0283
26,4800	0,0423
26,4900	0,0245
26,5000	0,0283
26,5100	0,0334
26,5200	0,0309
26,5300	0,0067
26,5400	0,0258
26,5500	0,0372
26,5600	0,0270
26,5700	0,0207
26,5800	0,0270
26,5900	0,0270
26,6000	0,0194
26,6100	0,0283
26,6200	0,0143
26,6300	0,0156
26,6400	0,0194
26,6500	0,0220
26,6600	0,0169
26,6700	0,0194
26,6800	0,0131
26,6900	0,0143
26,7000	0,0347
26,7100	0,0347
26,7200	0,0258
26,7300	0,0220
26,7400	0,0220
26,7500	0,0181
26,7600	0,0194
26,7700	0,0245
26,7800	0,0258
26,7900	0,0436
26,8000	0,0220
26,8100	0,0334
26,8200	0,0258
26,8300	0,0207
26,8400	0,0245
26,8500	0,0385
26,8600	0,0143
26,8700	0,0232
26,8800	0,0245
26,8900	0,0118
26,9000	0,0245
26,9100	0,0296
26,9200	0,0181
26,9300	0,0207
26,9400	0,0385
26,9500	0,0207
26,9600	0,0232
26,9700	0,0105
26,9800	0,0474
26,9900	0,0131
27,0000	0,0385
27,0100	0,0359
27,0200	0,0270
27,0300	0,0359
27,0400	0,0296
27,0500	0,0245
27,0600	0,0474
27,0700	0,0270
27,0800	0,0309
27,0900	0,0537
27,1000	0,0410
27,1100	0,0359
27,1200	0,0474
27,1300	0,0398
27,1400	0,0359
27,1500	0,0423
27,1600	0,0550
27,1700	0,0410
27,1800	0,0499
27,1900	0,0588
27,2000	0,0487
27,2100	0,0614
27,2200	0,0474
27,2300	0,0461
27,2400	0,0398
27,2500	0,0614
27,2600	0,0525
27,2700	0,0474
27,2800	0,0550
27,2900	0,0525
27,3000	0,0614
27,3100	0,0550
27,3200	0,0398
27,3300	0,0334
27,3400	0,0639
27,3500	0,0499
27,3600	0,0512
27,3700	0,0537
27,3800	0,0385
27,3900	0,0245
27,4000	0,0487
27,4100	0,0309
27,4200	0,0499
27,4300	0,0359
27,4400	0,0347
27,4500	0,0359
27,4600	0,0372
27,4700	0,0385
27,4800	0,0359
27,4900	0,0487
27,5000	0,0576
27,5100	0,0359
27,5200	0,0321
27,5300	0,0372
27,5400	0,0461
27,5500	0,0525
27,5600	0,0296
27,5700	0,0601
27,5800	0,0372
27,5900	0,0614
27,6000	0,0220
27,6100	0,0563
27,6200	0,0474
27,6300	0,0512
27,6400	0,0347
27,6500	0,0448
27,6600	0,0359
27,6700	0,0474
27,6800	0,0537
27,6900	0,0639
27,7000	0,0232
27,7100	0,0525
27,7200	0,0601
27,7300	0,0410
27,7400	0,0436
27,7500	0,0614
27,7600	0,0410
27,7700	0,0703
27,7800	0,0576
27,7900	0,0601
27,8000	0,0385
27,8100	0,0639
27,8200	0,0614
27,8300	0,0525
27,8400	0,0410
27,8500	0,0766
27,8600	0,0563
27,8700	0,0703
27,8800	0,0588
27,8900	0,0639
27,9000	0,0868
27,9100	0,0652
27,9200	0,1109
27,9300	0,0804
27,9400	0,1351
27,9500	0,0741
27,9600	0,0995
27,9700	0,1402
27,9800	0,0830
27,9900	0,1326
28,0000	0,1389
28,0100	0,1440
28,0200	0,1376
28,0300	0,1326
28,0400	0,1262
28,0500	0,1516
28,0600	0,1198
28,0700	0,1542
28,0800	0,1758
28,0900	0,2088
28,1000	0,1491
28,1100	0,2165
28,1200	0,2216
28,1300	0,2254
28,1400	0,2228
28,1500	0,1974
28,1600	0,2673
28,1700	0,2432
28,1800	0,2673
28,1900	0,2826
28,2000	0,2622
28,2100	0,2254
28,2200	0,2928
28,2300	0,2444
28,2400	0,2800
28,2500	0,2699
28,2600	0,2661
28,2700	0,2673
28,2800	0,2610
28,2900	0,2572
28,3000	0,2127
28,3100	0,2648
28,3200	0,2368
28,3300	0,2139
28,3400	0,2483
28,3500	0,2216
28,3600	0,2088
28,3700	0,2063
28,3800	0,1898
28,3900	0,1821
28,4000	0,1720
28,4100	0,1554
28,4200	0,1491
28,4300	0,1974
28,4400	0,1465
28,4500	0,1376
28,4600	0,1605
28,4700	0,1415
28,4800	0,1224
28,4900	0,1186
28,5000	0,1237
28,5100	0,1084
28,5200	0,1262
28,5300	0,0995
28,5400	0,1008
28,5500	0,0970
28,5600	0,1020
28,5700	0,0804
28,5800	0,0792
28,5900	0,0792
28,6000	0,0550
28,6100	0,1046
28,6200	0,0881
28,6300	0,0830
28,6400	0,0626
28,6500	0,0830
28,6600	0,0448
28,6700	0,0690
28,6800	0,0753
28,6900	0,0906
28,7000	0,0677
28,7100	0,0626
28,7200	0,0563
28,7300	0,0563
28,7400	0,0601
28,7500	0,0665
28,7600	0,0588
28,7700	0,0550
28,7800	0,0359
28,7900	0,0487
28,8000	0,0588
28,8100	0,0525
28,8200	0,0461
28,8300	0,0474
28,8400	0,0347
28,8500	0,0461
28,8600	0,0436
28,8700	0,0321
28,8800	0,0372
28,8900	0,0448
28,9000	0,0448
28,9100	0,0334
28,9200	0,0398
28,9300	0,0232
28,9400	0,0283
28,9500	0,0309
28,9600	0,0131
28,9700	0,0385
28,9800	0,0245
28,9900	0,0347
29,0000	0,0283
29,0100	0,0296
29,0200	0,0258
29,0300	0,0385
29,0400	0,0156
29,0500	0,0410
29,0600	0,0334
29,0700	0,0461
29,0800	0,0296
29,0900	0,0385
29,1000	0,0448
29,1100	0,0461
29,1200	0,0321
29,1300	0,0385
29,1400	0,0487
29,1500	0,0321
29,1600	0,0372
29,1700	0,0461
29,1800	0,0512
29,1900	0,0385
29,2000	0,0563
29,2100	0,0398
29,2200	0,0487
29,2300	0,0398
29,2400	0,0537
29,2500	0,0347
29,2600	0,0525
29,2700	0,0436
29,2800	0,0614
29,2900	0,0448
29,3000	0,0436
29,3100	0,0639
29,3200	0,0283
29,3300	0,0576
29,3400	0,0499
29,3500	0,0436
29,3600	0,0436
29,3700	0,0321
29,3800	0,0474
29,3900	0,0461
29,4000	0,0321
29,4100	0,0309
29,4200	0,0347
29,4300	0,0270
29,4400	0,0283
29,4500	0,0359
29,4600	0,0321
29,4700	0,0169
29,4800	0,0207
29,4900	0,0283
29,5000	0,0296
29,5100	0,0372
29,5200	0,0334
29,5300	0,0220
29,5400	0,0347
29,5500	0,0245
29,5600	0,0309
29,5700	0,0372
29,5800	0,0258
29,5900	0,0270
29,6000	0,0410
29,6100	0,0347
29,6200	0,0194
29,6300	0,0321
29,6400	0,0131
29,6500	0,0436
29,6600	0,0283
29,6700	0,0398
29,6800	0,0105
29,6900	0,0309
29,7000	0,0181
29,7100	0,0334
29,7200	0,0270
29,7300	0,0270
29,7400	0,0194
29,7500	0,0321
29,7600	0,0207
29,7700	0,0372
29,7800	0,0309
29,7900	0,0220
29,8000	0,0207
29,8100	0,0169
29,8200	0,0207
29,8300	0,0334
29,8400	0,0258
29,8500	0,0207
29,8600	0,0131
29,8700	0,0207
29,8800	0,0181
29,8900	0,0080
29,9000	0,0143
29,9100	0,0181
29,9200	0,0194
29,9300	0,0181
29,9400	0,0258
29,9500	0,0143
29,9600	0,0245
29,9700	0,0258
29,9800	0,0181
29,9900	0,0181
30,0000	0,0105
30,0100	0,0245
30,0200	0,0207
30,0300	0,0080
30,0400	0,0181
30,0500	0,0258
30,0600	0,0245
30,0700	0,0105
30,0800	0,0232
30,0900	0,0207
30,1000	0,0156
30,1100	0,0207
30,1200	0,0232
30,1300	0,0270
30,1400	0,0194
30,1500	0,0207
30,1600	0,0258
30,1700	0,0131
30,1800	0,0245
30,1900	0,0270
30,2000	0,0207
30,2100	0,0232
30,2200	0,0169
30,2300	0,0448
30,2400	0,0334
30,2500	0,0296
30,2600	0,0194
30,2700	0,0232
30,2800	0,0258
30,2900	0,0232
30,3000	0,0194
30,3100	0,0359
30,3200	0,0105
30,3300	0,0245
30,3400	0,0194
30,3500	0,0181
30,3600	0,0309
30,3700	0,0270
30,3800	0,0105
30,3900	0,0067
30,4000	0,0232
30,4100	0,0220
30,4200	0,0194
30,4300	0,0232
30,4400	0,0169
30,4500	0,0105
30,4600	0,0220
30,4700	0,0270
30,4800	0,0080
30,4900	0,0156
30,5000	0,0092
30,5100	0,0232
30,5200	0,0067
30,5300	0,0143
30,5400	0,0232
30,5500	0,0181
30,5600	0,0372
30,5700	0,0194
30,5800	0,0194
30,5900	0,0270
30,6000	0,0258
30,6100	0,0181
30,6200	0,0181
30,6300	0,0194
30,6400	0,0054
30,6500	0,0181
30,6600	0,0194
30,6700	0,0207
30,6800	0,0245
30,6900	0,0207
30,7000	0,0181
30,7100	0,0232
30,7200	0,0143
30,7300	0,0169
30,7400	0,0092
30,7500	0,0194
30,7600	0,0321
30,7700	0,0194
30,7800	0,0321
30,7900	0,0309
30,8000	0,0258
30,8100	0,0194
30,8200	0,0258
30,8300	0,0270
30,8400	0,0220
30,8500	0,0207
30,8600	0,0169
30,8700	0,0194
30,8800	0,0245
30,8900	0,0080
30,9000	0,0181
30,9100	0,0131
30,9200	0,0054
30,9300	0,0270
30,9400	0,0054
30,9500	0,0283
30,9600	0,0232
30,9700	0,0169
30,9800	0,0194
30,9900	0,0245
31,0000	0,0181
31,0100	0,0169
31,0200	0,0143
31,0300	0,0054
31,0400	0,0092
31,0500	0,0118
31,0600	0,0156
31,0700	0,0169
31,0800	0,0080
31,0900	0,0067
31,1000	0,0080
31,1100	0,0080
31,1200	0,0181
31,1300	0,0143
31,1400	0,0143
31,1500	0,0105
31,1600	0,0270
31,1700	0,0181
31,1800	0,0143
31,1900	0,0270
31,2000	0,0118
31,2100	0,0245
31,2200	0,0194
31,2300	0,0207
31,2400	0,0245
31,2500	0,0258
31,2600	0,0207
31,2700	0,0080
31,2800	0,0245
31,2900	0,0143
31,3000	0,0143
31,3100	0,0220
31,3200	0,0169
31,3300	0,0169
31,3400	0,0080
31,3500	0,0118
31,3600	0,0105
31,3700	0,0232
31,3800	0,0080
31,3900	0,0156
31,4000	0,0105
31,4100	0,0207
31,4200	0,0232
31,4300	0,0220
31,4400	0,0105
31,4500	0,0143
31,4600	0,0169
31,4700	0,0169
31,4800	0,0232
31,4900	0,0207
31,5000	0,0156
31,5100	0,0156
31,5200	0,0143
31,5300	0,0169
31,5400	0,0220
31,5500	0,0309
31,5600	0,0131
31,5700	0,0118
31,5800	0,0105
31,5900	0,0169
31,6000	0,0181
31,6100	0,0131
31,6200	0,0156
31,6300	0,0194
31,6400	0,0258
31,6500	0,0245
31,6600	0,0143
31,6700	0,0118
31,6800	0,0258
31,6900	0,0258
31,7000	0,0029
31,7100	0,0156
31,7200	0,0092
31,7300	0,0143
31,7400	0,0067
31,7500	0,0067
31,7600	0,0181
31,7700	0,0194
31,7800	0,0207
31,7900	0,0181
31,8000	0,0245
31,8100	0,0169
31,8200	0,0092
31,8300	0,0270
31,8400	0,0067
31,8500	0,0169
31,8600	0,0181
31,8700	0,0067
31,8800	0,0156
31,8900	0,0143
31,9000	0,0105
31,9100	0,0156
31,9200	0,0270
31,9300	0,0169
31,9400	0,0105
31,9500	0,0118
31,9600	0,0245
31,9700	0,0207
31,9800	0,0194
31,9900	0,0054
32,0000	0,0258
32,0100	0,0207
32,0200	0,0067
32,0300	0,0143
32,0400	0,0181
32,0500	0,0118
32,0600	0,0143
32,0700	0,0143
32,0800	0,0105
32,0900	0,0194
32,1000	0,0156
32,1100	0,0169
32,1200	0,0181
32,1300	0,0156
32,1400	0,0181
32,1500	0,0143
32,1600	0,0194
32,1700	0,0131
32,1800	0,0156
32,1900	0,0232
32,2000	0,0220
32,2100	0,0156
32,2200	0,0245
32,2300	0,0207
32,2400	0,0258
32,2500	0,0220
32,2600	0,0207
32,2700	0,0143
32,2800	0,0181
32,2900	0,0169
32,3000	0,0067
32,3100	0,0169
32,3200	0,0232
32,3300	0,0131
32,3400	0,0347
32,3500	0,0131
32,3600	0,0194
32,3700	0,0194
32,3800	0,0232
32,3900	0,0143
32,4000	0,0296
32,4100	0,0232
32,4200	0,0143
32,4300	0,0296
32,4400	0,0232
32,4500	0,0080
32,4600	0,0207
32,4700	0,0194
32,4800	0,0309
32,4900	0,0092
32,5000	0,0181
32,5100	0,0131
32,5200	0,0156
32,5300	0,0181
32,5400	0,0118
32,5500	0,0245
32,5600	0,0092
32,5700	0,0131
32,5800	0,0156
32,5900	0,0131
32,6000	0,0207
32,6100	0,0143
32,6200	0,0194
32,6300	0,0194
32,6400	0,0092
32,6500	0,0232
32,6600	0,0143
32,6700	0,0194
32,6800	0,0156
32,6900	0,0245
32,7000	0,0181
32,7100	0,0143
32,7200	0,0131
32,7300	0,0169
32,7400	0,0143
32,7500	0,0194
32,7600	0,0207
32,7700	0,0207
32,7800	0,0156
32,7900	0,0118
32,8000	0,0105
32,8100	0,0207
32,8200	0,0131
32,8300	0,0118
32,8400	0,0092
32,8500	0,0181
32,8600	0,0131
32,8700	0,0169
32,8800	0,0054
32,8900	0,0131
32,9000	0,0270
32,9100	0,0067
32,9200	0,0131
32,9300	0,0105
32,9400	0,0156
32,9500	0,0169
32,9600	0,0143
32,9700	0,0131
32,9800	0,0194
32,9900	0,0181
33,0000	0,0118
33,0100	0,0143
33,0200	0,0092
33,0300	0,0181
33,0400	0,0042
33,0500	0,0181
33,0600	0,0220
33,0700	0,0143
33,0800	0,0181
33,0900	0,0232
33,1000	0,0143
33,1100	0,0169
33,1200	0,0156
33,1300	0,0220
33,1400	0,0169
33,1500	0,0092
33,1600	0,0169
33,1700	0,0270
33,1800	0,0232
33,1900	0,0283
33,2000	0,0181
33,2100	0,0105
33,2200	0,0054
33,2300	0,0232
33,2400	0,0092
33,2500	0,0156
33,2600	0,0143
33,2700	0,0067
33,2800	0,0181
33,2900	0,0105
33,3000	0,0105
33,3100	0,0232
33,3200	0,0118
33,3300	0,0270
33,3400	0,0207
33,3500	0,0181
33,3600	0,0105
33,3700	0,0232
33,3800	0,0258
33,3900	0,0092
33,4000	0,0131
33,4100	0,0181
33,4200	0,0156
33,4300	0,0181
33,4400	0,0245
33,4500	0,0181
33,4600	0,0169
33,4700	0,0131
33,4800	0,0143
33,4900	0,0258
33,5000	0,0181
33,5100	0,0131
33,5200	0,0181
33,5300	0,0143
33,5400	0,0232
33,5500	0,0042
33,5600	0,0118
33,5700	0,0169
33,5800	0,0131
33,5900	0,0181
33,6000	0,0181
33,6100	0,0169
33,6200	0,0232
33,6300	0,0092
33,6400	0,0283
33,6500	0,0042
33,6600	0,0194
33,6700	0,0169
33,6800	0,0207
33,6900	0,0194
33,7000	0,0194
33,7100	0,0270
33,7200	0,0258
33,7300	0,0118
33,7400	0,0194
33,7500	0,0131
33,7600	0,0232
33,7700	0,0042
33,7800	0,0181
33,7900	0,0105
33,8000	0,0283
33,8100	0,0131
33,8200	0,0207
33,8300	0,0003
33,8400	0,0131
33,8500	0,0156
33,8600	0,0092
33,8700	0,0245
33,8800	0,0181
33,8900	0,0169
33,9000	0,0283
33,9100	0,0105
33,9200	0,0194
33,9300	0,0258
33,9400	0,0131
33,9500	0,0296
33,9600	0,0169
33,9700	0,0258
33,9800	0,0207
33,9900	0,0194
34,0000	0,0131
34,0100	0,0245
34,0200	0,0029
34,0300	0,0169
34,0400	0,0181
34,0500	0,0143
34,0600	0,0321
34,0700	0,0156
34,0800	0,0105
34,0900	0,0194
34,1000	0,0029
34,1100	0,0194
34,1200	0,0118
34,1300	0,0181
34,1400	0,0029
34,1500	0,0118
34,1600	0,0169
34,1700	0,0207
34,1800	0,0131
34,1900	0,0220
34,2000	0,0194
34,2100	0,0181
34,2200	0,0105
34,2300	0,0169
34,2400	0,0067
34,2500	0,0181
34,2600	0,0143
34,2700	0,0105
34,2800	0,0092
34,2900	0,0054
34,3000	0,0334
34,3100	0,0220
34,3200	0,0181
34,3300	0,0181
34,3400	0,0092
34,3500	0,0105
34,3600	0,0207
34,3700	0,0131
34,3800	0,0105
34,3900	0,0156
34,4000	0,0143
34,4100	0,0270
34,4200	0,0207
34,4300	0,0181
34,4400	0,0042
34,4500	0,0029
34,4600	0,0334
34,4700	0,0067
34,4800	0,0283
34,4900	0,0232
34,5000	0,0258
34,5100	0,0118
34,5200	0,0118
34,5300	0,0105
34,5400	0,0105
34,5500	0,0016
34,5600	0,0080
34,5700	0,0258
34,5800	0,0181
34,5900	0,0207
34,6000	0,0296
34,6100	0,0232
34,6200	0,0042
34,6300	0,0181
34,6400	0,0067
34,6500	0,0232
34,6600	0,0169
34,6700	0,0245
34,6800	0,0194
34,6900	0,0131
34,7000	0,0169
34,7100	0,0207
34,7200	0,0181
34,7300	0,0118
34,7400	0,0118
34,7500	0,0270
34,7600	0,0309
34,7700	0,0054
34,7800	0,0283
34,7900	0,0270
34,8000	0,0131
34,8100	0,0143
34,8200	0,0181
34,8300	0,0232
34,8400	0,0080
34,8500	0,0232
34,8600	0,0207
34,8700	0,0131
34,8800	0,0080
34,8900	0,0169
34,9000	0,0245
34,9100	0,0143
34,9200	0,0131
34,9300	0,0118
34,9400	0,0067
34,9500	0,0143
34,9600	0,0131
34,9700	0,0105
34,9800	0,0169
34,9900	0,0156
35,0000	0,0220
35,0100	0,0258
35,0200	0,0118
35,0300	0,0143
35,0400	0,0092
35,0500	0,0143
35,0600	0,0169
35,0700	0,0232
35,0800	0,0194
35,0900	0,0143
35,1000	0,0232
35,1100	0,0042
35,1200	0,0143
35,1300	0,0232
35,1400	0,0181
35,1500	0,0181
35,1600	0,0092
35,1700	0,0194
35,1800	0,0156
35,1900	0,0080
35,2000	0,0169
35,2100	0,0181
35,2200	0,0143
35,2300	0,0105
35,2400	0,0131
35,2500	0,0220
35,2600	0,0232
35,2700	0,0118
35,2800	0,0232
35,2900	0,0156
35,3000	0,0258
35,3100	0,0220
35,3200	0,0270
35,3300	0,0118
35,3400	0,0220
35,3500	0,0131
35,3600	0,0143
35,3700	0,0067
35,3800	0,0156
35,3900	0,0194
35,4000	0,0194
35,4100	0,0105
35,4200	0,0169
35,4300	0,0156
35,4400	0,0143
35,4500	0,0169
35,4600	0,0169
35,4700	0,0232
35,4800	0,0169
35,4900	0,0156
35,5000	0,0220
35,5100	0,0105
35,5200	0,0131
35,5300	0,0232
35,5400	0,0080
35,5500	0,0207
35,5600	0,0131
35,5700	0,0220
35,5800	0,0156
35,5900	0,0181
35,6000	0,0270
35,6100	0,0181
35,6200	0,0232
35,6300	0,0169
35,6400	0,0156
35,6500	0,0105
35,6600	0,0220
35,6700	0,0131
35,6800	0,0131
35,6900	0,0220
35,7000	0,0220
35,7100	0,0220
35,7200	0,0118
35,7300	0,0220
35,7400	0,0194
35,7500	0,0232
35,7600	0,0194
35,7700	0,0245
35,7800	0,0131
35,7900	0,0220
35,8000	0,0143
35,8100	0,0232
35,8200	0,0245
35,8300	0,0245
35,8400	0,0220
35,8500	0,0194
35,8600	0,0181
35,8700	0,0092
35,8800	0,0245
35,8900	0,0143
35,9000	0,0080
35,9100	0,0194
35,9200	0,0220
35,9300	0,0207
35,9400	0,0194
35,9500	0,0143
35,9600	0,0092
35,9700	0,0143
35,9800	0,0207
35,9900	0,0156
36,0000	0,0169
36,0100	0,0181
36,0200	0,0054
36,0300	0,0270
36,0400	0,0309
36,0500	0,0042
36,0600	0,0283
36,0700	0,0232
36,0800	0,0245
36,0900	0,0220
36,1000	0,0232
36,1100	0,0283
36,1200	0,0194
36,1300	0,0067
36,1400	0,0105
36,1500	0,0232
36,1600	0,0232
36,1700	0,0194
36,1800	0,0169
36,1900	0,0143
36,2000	0,0207
36,2100	0,0232
36,2200	0,0232
36,2300	0,0194
36,2400	0,0232
36,2500	0,0118
36,2600	0,0245
36,2700	0,0169
36,2800	0,0270
36,2900	0,0080
36,3000	0,0232
36,3100	0,0220
36,3200	0,0194
36,3300	0,0169
36,3400	0,0283
36,3500	0,0258
36,3600	0,0067
36,3700	0,0194
36,3800	0,0169
36,3900	0,0359
36,4000	0,0029
36,4100	0,0232
36,4200	0,0232
36,4300	0,0232
36,4400	0,0156
36,4500	0,0194
36,4600	0,0194
36,4700	0,0220
36,4800	0,0131
36,4900	0,0169
36,5000	0,0118
36,5100	0,0258
36,5200	0,0296
36,5300	0,0181
36,5400	0,0131
36,5500	0,0092
36,5600	0,0181
36,5700	0,0207
36,5800	0,0131
36,5900	0,0220
36,6000	0,0220
36,6100	0,0067
36,6200	0,0181
36,6300	0,0156
36,6400	0,0169
36,6500	0,0156
36,6600	0,0118
36,6700	0,0169
36,6800	0,0232
36,6900	0,0169
36,7000	0,0207
36,7100	0,0194
36,7200	0,0054
36,7300	0,0296
36,7400	0,0207
36,7500	0,0143
36,7600	0,0194
36,7700	0,0169
36,7800	0,0194
36,7900	0,0169
36,8000	0,0194
36,8100	0,0181
36,8200	0,0131
36,8300	0,0181
36,8400	0,0245
36,8500	0,0232
36,8600	0,0131
36,8700	0,0143
36,8800	0,0194
36,8900	0,0220
36,9000	0,0207
36,9100	0,0347
36,9200	0,0220
36,9300	0,0169
36,9400	0,0283
36,9500	0,0156
36,9600	0,0080
36,9700	0,0258
36,9800	0,0207
36,9900	0,0258
37,0000	0,0156
37,0100	0,0105
37,0200	0,0220
37,0300	0,0232
37,0400	0,0270
37,0500	0,0067
37,0600	0,0131
37,0700	0,0029
37,0800	0,0220
37,0900	0,0207
37,1000	0,0232
37,1100	0,0029
37,1200	0,0143
37,1300	0,0296
37,1400	0,0270
37,1500	0,0118
37,1600	0,0067
37,1700	0,0143
37,1800	0,0105
37,1900	0,0309
37,2000	0,0283
37,2100	0,0143
37,2200	0,0207
37,2300	0,0270
37,2400	0,0283
37,2500	0,0245
37,2600	0,0283
37,2700	0,0207
37,2800	0,0258
37,2900	0,0092
37,3000	0,0283
37,3100	0,0067
37,3200	0,0105
37,3300	0,0220
37,3400	0,0232
37,3500	0,0232
37,3600	0,0105
37,3700	0,0232
37,3800	0,0232
37,3900	0,0143
37,4000	0,0143
37,4100	0,0194
37,4200	0,0143
37,4300	0,0143
37,4400	0,0359
37,4500	0,0270
37,4600	0,0258
37,4700	0,0042
37,4800	0,0029
37,4900	0,0156
37,5000	0,0067
37,5100	0,0143
37,5200	0,0156
37,5300	0,0207
37,5400	0,0258
37,5500	0,0220
37,5600	0,0054
37,5700	0,0321
37,5800	0,0131
37,5900	0,0245
37,6000	0,0245
37,6100	0,0016
37,6200	0,0309
37,6300	0,0156
37,6400	0,0232
37,6500	0,0080
37,6600	0,0143
37,6700	0,0245
37,6800	0,0334
37,6900	0,0131
37,7000	0,0220
37,7100	0,0156
37,7200	0,0207
37,7300	0,0270
37,7400	0,0092
37,7500	0,0143
37,7600	0,0105
37,7700	0,0270
37,7800	0,0156
37,7900	0,0194
37,8000	0,0131
37,8100	0,0283
37,8200	0,0220
37,8300	0,0220
37,8400	0,0156
37,8500	0,0118
37,8600	0,0207
37,8700	0,0258
37,8800	0,0131
37,8900	0,0118
37,9000	0,0067
37,9100	0,0207
37,9200	0,0169
37,9300	0,0181
37,9400	0,0067
37,9500	0,0131
37,9600	0,0194
37,9700	0,0232
37,9800	0,0080
37,9900	0,0080
38,0000	0,0270
38,0100	0,0283
38,0200	0,0347
38,0300	0,0194
38,0400	0,0207
38,0500	0,0169
38,0600	0,0118
38,0700	0,0181
38,0800	0,0131
38,0900	0,0181
38,1000	0,0181
38,1100	0,0232
38,1200	0,0245
38,1300	0,0156
38,1400	0,0181
38,1500	0,0143
38,1600	0,0181
38,1700	0,0105
38,1800	0,0143
38,1900	0,0283
38,2000	0,0118
38,2100	0,0156
38,2200	0,0169
38,2300	0,0181
38,2400	0,0296
38,2500	0,0283
38,2600	0,0258
38,2700	0,0194
38,2800	0,0296
38,2900	0,0169
38,3000	0,0156
38,3100	0,0220
38,3200	0,0067
38,3300	0,0080
38,3400	0,0105
38,3500	0,0143
38,3600	0,0194
38,3700	0,0220
38,3800	0,0296
38,3900	0,0156
38,4000	0,0245
38,4100	0,0169
38,4200	0,0270
38,4300	0,0092
38,4400	0,0156
38,4500	0,0245
38,4600	0,0220
38,4700	0,0080
38,4800	0,0181
38,4900	0,0194
38,5000	0,0194
38,5100	0,0194
38,5200	0,0067
38,5300	0,0105
38,5400	0,0118
38,5500	0,0118
38,5600	0,0118
38,5700	0,0309
38,5800	0,0169
38,5900	0,0232
38,6000	0,0207
38,6100	0,0296
38,6200	0,0181
38,6300	0,0118
38,6400	0,0232
38,6500	0,0169
38,6600	0,0207
38,6700	0,0156
38,6800	0,0105
38,6900	0,0143
38,7000	0,0169
38,7100	0,0169
38,7200	0,0207
38,7300	0,0194
38,7400	0,0143
38,7500	0,0232
38,7600	0,0143
38,7700	0,0194
38,7800	0,0194
38,7900	0,0283
38,8000	0,0067
38,8100	0,0181
38,8200	0,0169
38,8300	0,0347
38,8400	0,0143
38,8500	0,0258
38,8600	0,0232
38,8700	0,0207
38,8800	0,0156
38,8900	0,0156
38,9000	0,0092
38,9100	0,0118
38,9200	0,0258
38,9300	0,0245
38,9400	0,0143
38,9500	0,0258
38,9600	0,0181
38,9700	0,0156
38,9800	0,0003
38,9900	0,0194
39,0000	0,0029
39,0100	0,0245
39,0200	0,0181
39,0300	0,0309
39,0400	0,0194
39,0500	0,0245
39,0600	0,0143
39,0700	0,0245
39,0800	0,0220
39,0900	0,0181
39,1000	0,0169
39,1100	0,0245
39,1200	0,0118
39,1300	0,0105
39,1400	0,0372
39,1500	0,0118
39,1600	0,0296
39,1700	0,0156
39,1800	0,0194
39,1900	0,0169
39,2000	0,0169
39,2100	0,0334
39,2200	0,0092
39,2300	0,0258
39,2400	0,0207
39,2500	0,0270
39,2600	0,0092
39,2700	0,0245
39,2800	0,0156
39,2900	0,0194
39,3000	0,0347
39,3100	0,0143
39,3200	0,0334
39,3300	0,0092
39,3400	0,0321
39,3500	0,0296
39,3600	0,0156
39,3700	0,0410
39,3800	0,0169
39,3900	0,0207
39,4000	0,0296
39,4100	0,0232
39,4200	0,0131
39,4300	0,0270
39,4400	0,0245
39,4500	0,0232
39,4600	0,0410
39,4700	0,0143
39,4800	0,0042
39,4900	0,0194
39,5000	0,0245
39,5100	0,0258
39,5200	0,0156
39,5300	0,0181
39,5400	0,0258
39,5500	0,0169
39,5600	0,0296
39,5700	0,0347
39,5800	0,0092
39,5900	0,0143
39,6000	0,0385
39,6100	0,0016
39,6200	0,0296
39,6300	-0,0022
39,6400	0,0067
39,6500	0,0092
39,6600	0,0194
39,6700	0,0080
39,6800	0,0321
39,6900	0,0232
39,7000	0,0143
39,7100	0,0309
39,7200	0,0080
39,7300	0,0296
39,7400	0,0181
39,7500	0,0067
39,7600	0,0042
39,7700	0,0321
39,7800	0,0181
39,7900	0,0270
39,8000	0,0334
39,8100	0,0092
39,8200	0,0169
39,8300	0,0156
39,8400	0,0232
39,8500	0,0131
39,8600	0,0372
39,8700	0,0118
39,8800	0,0283
39,8900	0,0092
39,9000	0,0245
39,9100	0,0220
39,9200	0,0245
39,9300	0,0054
39,9400	0,0207
39,9500	0,0207
39,9600	0,0156
39,9700	0,0181
39,9800	0,0156
39,9900	0,0232
40,0000	0,0194
40,0100	0,0258
40,0200	0,0143
40,0300	0,0181
40,0400	0,0156
40,0500	0,0105
40,0600	0,0194
40,0700	0,0143
40,0800	0,0207
40,0900	0,0118
40,1000	0,0169
40,1100	0,0207
40,1200	0,0169
40,1300	0,0207
40,1400	0,0067
40,1500	0,0232
40,1600	0,0194
40,1700	0,0131
40,1800	0,0207
40,1900	0,0245
40,2000	0,0232
40,2100	0,0131
40,2200	0,0232
40,2300	0,0105
40,2400	0,0143
40,2500	0,0156
40,2600	0,0156
40,2700	0,0194
40,2800	0,0385
40,2900	0,0347
40,3000	0,0156
40,3100	0,0270
40,3200	0,0220
40,3300	0,0309
40,3400	0,0232
40,3500	0,0181
40,3600	0,0207
40,3700	0,0258
40,3800	0,0156
40,3900	0,0296
40,4000	0,0220
40,4100	0,0080
40,4200	0,0245
40,4300	0,0029
40,4400	0,0105
40,4500	0,0270
40,4600	0,0245
40,4700	0,0143
40,4800	0,0359
40,4900	0,0105
40,5000	0,0105
40,5100	0,0220
40,5200	0,0169
40,5300	0,0385
40,5400	0,0232
40,5500	0,0092
40,5600	0,0054
40,5700	0,0169
40,5800	0,0270
40,5900	0,0181
40,6000	0,0220
40,6100	0,0105
40,6200	0,0080
40,6300	0,0029
40,6400	0,0131
40,6500	0,0105
40,6600	0,0105
40,6700	0,0181
40,6800	0,0131
40,6900	0,0080
40,7000	0,0067
40,7100	0,0207
40,7200	0,0169
40,7300	0,0042
40,7400	0,0156
40,7500	0,0207
40,7600	0,0194
40,7700	0,0296
40,7800	0,0156
40,7900	0,0321
40,8000	0,0143
40,8100	0,0207
40,8200	0,0156
40,8300	0,0207
40,8400	0,0220
40,8500	0,0080
40,8600	0,0105
40,8700	0,0296
40,8800	0,0029
40,8900	0,0118
40,9000	0,0270
40,9100	0,0067
40,9200	0,0321
40,9300	0,0194
40,9400	0,0309
40,9500	0,0245
40,9600	0,0042
40,9700	0,0220
40,9800	0,0194
40,9900	0,0309
41,0000	0,0270
41,0100	0,0016
41,0200	0,0156
41,0300	0,0220
41,0400	0,0258
41,0500	0,0131
41,0600	0,0309
41,0700	0,0042
41,0800	0,0270
41,0900	0,0321
41,1000	-0,0060
41,1100	0,0080
41,1200	0,0131
41,1300	0,0156
41,1400	0,0054
41,1500	0,0067
41,1600	0,0283
41,1700	0,0067
41,1800	0,0258
41,1900	0,0309
41,2000	0,0270
41,2100	0,0283
41,2200	0,0398
41,2300	0,0181
41,2400	0,0105
41,2500	0,0283
41,2600	0,0296
41,2700	0,0270
41,2800	0,0194
41,2900	0,0372
41,3000	0,0067
41,3100	0,0054
41,3200	0,0232
41,3300	0,0245
41,3400	0,0131
41,3500	0,0143
41,3600	0,0347
41,3700	0,0359
41,3800	0,0181
41,3900	0,0029
41,4000	0,0385
41,4100	0,0207
41,4200	0,0309
41,4300	0,0245
41,4400	0,0423
41,4500	0,0283
41,4600	0,0143
41,4700	0,0385
41,4800	0,0232
41,4900	0,0232
41,5000	0,0296
41,5100	0,0105
41,5200	0,0296
41,5300	0,0156
41,5400	0,0309
41,5500	0,0270
41,5600	0,0614
41,5700	0,0321
41,5800	0,0245
41,5900	0,0105
41,6000	0,0131
41,6100	0,0334
41,6200	0,0143
41,6300	0,0385
41,6400	0,0232
41,6500	0,0270
41,6600	0,0181
41,6700	0,0131
41,6800	0,0207
41,6900	0,0029
41,7000	0,0067
41,7100	0,0296
41,7200	0,0359
41,7300	0,0118
41,7400	0,0232
41,7500	0,0398
41,7600	0,0334
41,7700	0,0156
41,7800	0,0283
41,7900	0,0067
41,8000	0,0143
41,8100	0,0131
41,8200	0,0258
41,8300	0,0296
41,8400	0,0169
41,8500	0,0232
41,8600	0,0359
41,8700	0,0474
41,8800	0,0245
41,8900	0,0309
41,9000	0,0448
41,9100	0,0296
41,9200	0,0372
41,9300	0,0321
41,9400	0,0436
41,9500	0,0448
41,9600	0,0487
41,9700	0,0194
41,9800	0,0042
41,9900	0,0512
42,0000	0,0092
42,0100	0,0385
42,0200	0,0143
42,0300	0,0181
42,0400	0,0169
42,0500	0,0156
42,0600	0,0398
42,0700	0,0042
42,0800	0,0169
42,0900	-0,0098
42,1000	0,0334
42,1100	0,0080
42,1200	0,0283
42,1300	0,0143
42,1400	0,0309
42,1500	0,0347
42,1600	0,0181
42,1700	0,0270
42,1800	0,0283
42,1900	0,0194
42,2000	0,0410
42,2100	0,0067
42,2200	0,0334
42,2300	0,0181
42,2400	0,0220
42,2500	0,0207
42,2600	0,0105
42,2700	0,0232
42,2800	0,0131
42,2900	0,0347
42,3000	0,0067
42,3100	0,0105
42,3200	0,0359
42,3300	0,0118
42,3400	0,0245
42,3500	-0,0047
42,3600	0,0105
42,3700	0,0054
42,3800	0,0143
42,3900	0,0385
42,4000	0,0270
42,4100	0,0258
42,4200	0,0029
42,4300	0,0156
42,4400	0,0042
42,4500	0,0003
42,4600	0,0118
42,4700	0,0143
42,4800	0,0143
42,4900	0,0207
42,5000	0,0156
42,5100	0,0156
42,5200	0,0194
42,5300	0,0309
42,5400	0,0334
42,5500	0,0270
42,5600	0,0143
42,5700	0,0080
42,5800	0,0232
42,5900	0,0131
42,6000	0,0054
42,6100	0,0321
42,6200	0,0245
42,6300	0,0321
42,6400	0,0207
42,6500	0,0245
42,6600	0,0156
42,6700	0,0105
42,6800	0,0296
42,6900	0,0143
42,7000	0,0258
42,7100	0,0283
42,7200	0,0245
42,7300	0,0181
42,7400	0,0258
42,7500	0,0232
42,7600	0,0169
42,7700	0,0194
42,7800	0,0220
42,7900	0,0169
42,8000	0,0220
42,8100	0,0245
42,8200	0,0232
42,8300	0,0207
42,8400	0,0207
42,8500	0,0220
42,8600	0,0067
42,8700	0,0131
42,8800	0,0169
42,8900	0,0296
42,9000	0,0207
42,9100	0,0347
42,9200	0,0156
42,9300	0,0105
42,9400	0,0181
42,9500	0,0169
42,9600	0,0143
42,9700	0,0156
42,9800	0,0181
42,9900	0,0169
43,0000	0,0296
43,0100	0,0270
43,0200	0,0169
43,0300	0,0385
43,0400	0,0118
43,0500	0,0207
43,0600	0,0181
43,0700	0,0207
43,0800	0,0105
43,0900	0,0220
43,1000	-0,0035
43,1100	0,0105
43,1200	0,0207
43,1300	0,0194
43,1400	0,0067
43,1500	0,0283
43,1600	0,0270
43,1700	0,0245
43,1800	0,0194
43,1900	0,0309
43,2000	0,0258
43,2100	0,0258
43,2200	0,0220
43,2300	0,0156
43,2400	0,0156
43,2500	0,0105
43,2600	0,0143
43,2700	0,0245
43,2800	0,0143
43,2900	0,0220
43,3000	0,0258
43,3100	0,0118
43,3200	0,0156
43,3300	0,0258
43,3400	0,0067
43,3500	0,0156
43,3600	0,0207
43,3700	0,0143
43,3800	0,0118
43,3900	0,0143
43,4000	0,0105
43,4100	0,0321
43,4200	0,0131
43,4300	0,0181
43,4400	0,0105
43,4500	0,0105
43,4600	0,0309
43,4700	0,0220
43,4800	0,0283
43,4900	0,0156
43,5000	0,0232
43,5100	0,0169
43,5200	0,0105
43,5300	0,0220
43,5400	0,0220
43,5500	0,0131
43,5600	0,0258
43,5700	0,0207
43,5800	0,0232
43,5900	0,0080
43,6000	0,0270
43,6100	0,0270
43,6200	0,0410
43,6300	0,0270
43,6400	0,0258
43,6500	0,0296
43,6600	0,0194
43,6700	0,0283
43,6800	-0,0035
43,6900	-0,0022
43,7000	0,0385
43,7100	0,0372
43,7200	-0,0035
43,7300	0,0092
43,7400	0,0092
43,7500	0,0309
43,7600	0,0143
43,7700	0,0207
43,7800	0,0296
43,7900	0,0321
43,8000	0,0181
43,8100	0,0245
43,8200	0,0067
43,8300	0,0245
43,8400	0,0220
43,8500	0,0283
43,8600	0,0181
43,8700	0,0245
43,8800	0,0156
43,8900	0,0207
43,9000	0,0232
43,9100	0,0296
43,9200	0,0283
43,9300	0,0118
43,9400	0,0131
43,9500	0,0220
43,9600	0,0347
43,9700	0,0156
43,9800	0,0118
43,9900	0,0321
44,0000	0,0207
44,0100	0,0270
44,0200	0,0207
44,0300	0,0309
44,0400	0,0092
44,0500	0,0232
44,0600	0,0029
44,0700	0,0169
44,0800	0,0194
44,0900	0,0220
44,1000	0,0118
44,1100	0,0207
44,1200	0,0321
44,1300	0,0131
44,1400	0,0194
44,1500	0,0092
44,1600	0,0232
44,1700	0,0258
44,1800	0,0118
44,1900	0,0220
44,2000	0,0296
44,2100	0,0131
44,2200	0,0258
44,2300	0,0220
44,2400	0,0118
44,2500	0,0232
44,2600	0,0207
44,2700	0,0283
44,2800	0,0092
44,2900	0,0194
44,3000	0,0067
44,3100	0,0054
44,3200	0,0232
44,3300	0,0131
44,3400	0,0232
44,3500	0,0321
44,3600	0,0321
44,3700	0,0131
44,3800	0,0232
44,3900	0,0067
44,4000	0,0003
44,4100	-0,0047
44,4200	0,0181
44,4300	0,0398
44,4400	0,0105
44,4500	0,0156
44,4600	0,0410
44,4700	0,0105
44,4800	0,0372
44,4900	0,0245
44,5000	0,0042
44,5100	0,0296
44,5200	-0,0047
44,5300	-0,0009
44,5400	0,0156
44,5500	0,0169
44,5600	0,0169
44,5700	0,0194
44,5800	0,0156
44,5900	0,0042
44,6000	0,0270
44,6100	0,0143
44,6200	0,0258
44,6300	0,0054
44,6400	0,0296
44,6500	0,0169
44,6600	0,0181
44,6700	0,0169
44,6800	0,0143
44,6900	0,0207
44,7000	0,0309
44,7100	0,0258
44,7200	0,0207
44,7300	0,0067
44,7400	0,0207
44,7500	0,0143
44,7600	0,0080
44,7700	0,0105
44,7800	0,0270
44,7900	0,0258
44,8000	0,0016
44,8100	0,0092
44,8200	0,0220
44,8300	0,0359
44,8400	0,0118
44,8500	0,0131
44,8600	0,0194
44,8700	0,0016
44,8800	-0,0009
44,8900	0,0423
44,9000	0,0321
44,9100	0,0245
44,9200	0,0283
44,9300	0,0296
44,9400	0,0359
44,9500	0,0245
44,9600	0,0309
44,9700	-0,0022
44,9800	0,0143
44,9900	0,0054
45,0000	0,0181
