0,0000	0,9933
0,0100	0,9030
0,0200	0,8992
0,0300	0,5305
0,0400	0,4186
0,0500	0,2190
0,0600	0,2800
0,0700	0,1643
0,0800	0,0703
0,0900	0,0931
0,1000	0,0347
0,1100	0,0614
0,1200	0,0385
0,1300	0,0181
0,1400	0,0410
0,1500	0,0283
0,1600	0,0143
0,1700	0,0309
0,1800	0,0220
0,1900	0,0207
0,2000	0,0220
0,2100	0,0232
0,2200	0,0118
0,2300	0,0283
0,2400	0,0309
0,2500	0,0156
0,2600	0,0220
0,2700	0,0512
0,2800	0,3767
0,2900	0,4784
0,3000	0,5318
0,3100	1,0429
0,3200	1,3505
0,3300	1,6137
0,3400	1,9061
0,3500	2,2761
0,3600	1,3315
0,3700	0,3754
0,3800	0,4123
0,3900	0,9653
0,4000	0,7187
0,4100	-0,0937
0,4200	1,1344
0,4300	-0,2921
0,4400	0,1554
0,4500	0,1478
0,4600	-0,0276
0,4700	0,1071
0,4800	0,1122
0,4900	0,0588
0,5000	0,0804
0,5100	0,3500
0,5200	2,0701
0,5300	1,4294
0,5400	1,0022
0,5500	1,7078
0,5600	1,2247
0,5700	0,1872
0,5800	-0,0798
0,5900	0,1910
0,6000	0,0474
0,6100	0,0461
0,6200	0,1148
0,6300	0,0753
0,6400	0,0487
0,6500	0,0626
0,6600	0,0601
0,6700	0,0639
0,6800	0,0881
0,6900	0,0601
0,7000	0,0588
0,7100	0,0728
0,7200	0,0715
0,7300	0,0677
0,7400	0,0830
0,7500	0,0817
0,7600	0,0970
0,7700	0,1084
0,7800	0,0715
0,7900	0,0347
0,8000	0,0614
0,8100	0,0601
0,8200	0,0817
0,8300	0,0868
0,8400	0,1020
0,8500	0,0830
0,8600	0,0792
0,8700	0,0855
0,8800	0,1160
0,8900	0,1758
0,9000	0,1516
0,9100	0,1898
0,9200	0,2050
0,9300	0,1669
0,9400	0,2711
0,9500	0,2597
0,9600	0,1720
0,9700	0,1860
0,9800	0,1821
0,9900	0,2241
1,0000	0,3741
1,0100	0,3373
1,0200	0,2114
1,0300	0,0690
1,0400	-0,0009
1,0500	0,0512
1,0600	0,0461
1,0700	0,0270
1,0800	0,0385
1,0900	0,0461
1,1000	0,0309
1,1100	0,0321
1,1200	0,0385
1,1300	0,0359
1,1400	0,0703
1,1500	0,0842
1,1600	0,0868
1,1700	0,1071
1,1800	0,0665
1,1900	0,1084
1,2000	0,0842
1,2100	0,0919
1,2200	0,0957
1,2300	0,0296
1,2400	0,0715
1,2500	0,1262
1,2600	0,0563
1,2700	0,0957
1,2800	0,0563
1,2900	0,0753
1,3000	0,0588
1,3100	0,0881
1,3200	0,0525
1,3300	0,0715
1,3400	0,0779
1,3500	0,0563
1,3600	0,0588
1,3700	0,0881
1,3800	0,0410
1,3900	0,0614
1,4000	0,0957
1,4100	0,0690
1,4200	0,0016
1,4300	0,0576
1,4400	0,0753
1,4500	0,0423
1,4600	0,0283
1,4700	0,1605
1,4800	0,0563
1,4900	0,0690
1,5000	0,0957
1,5100	0,1059
1,5200	0,1173
1,5300	0,0169
1,5400	0,0321
1,5500	0,0665
1,5600	0,0347
1,5700	0,0741
1,5800	0,0944
1,5900	0,0626
1,6000	0,0359
1,6100	0,0779
1,6200	0,0385
1,6300	0,0092
1,6400	0,0461
1,6500	0,0525
1,6600	0,0283
1,6700	0,0398
1,6800	0,0487
1,6900	0,0385
1,7000	0,0372
1,7100	0,0601
1,7200	0,0677
1,7300	0,0487
1,7400	0,0385
1,7500	0,0334
1,7600	0,0436
1,7700	0,0728
1,7800	0,0690
1,7900	0,0436
1,8000	0,0143
1,8100	0,0563
1,8200	0,1109
1,8300	0,1326
1,8400	0,1567
1,8500	0,1809
1,8600	0,0690
1,8700	0,1376
1,8800	0,2330
1,8900	0,5063
1,9000	0,6882
1,9100	0,5152
1,9200	0,9259
1,9300	0,6589
1,9400	-0,1408
1,9500	0,5089
1,9600	-0,1179
1,9700	0,1173
1,9800	0,1440
1,9900	0,0677
2,0000	0,1224
2,0100	0,0893
2,0200	0,0982
2,0300	0,0881
2,0400	0,0830
2,0500	0,1046
2,0600	0,0919
2,0700	0,0690
2,0800	0,0881
2,0900	0,1008
2,1000	0,0893
2,1100	0,0792
2,1200	0,0919
2,1300	0,0690
2,1400	0,1020
2,1500	0,0804
2,1600	0,0931
2,1700	0,0817
2,1800	0,0665
2,1900	0,0893
2,2000	0,0830
2,2100	0,0601
2,2200	0,0944
2,2300	0,0792
2,2400	0,0753
2,2500	0,0792
2,2600	0,0804
2,2700	0,0703
2,2800	0,0919
2,2900	0,0677
2,3000	0,0715
2,3100	0,0741
2,3200	0,0982
2,3300	0,0830
2,3400	0,0525
2,3500	0,0906
2,3600	0,0893
2,3700	0,0703
2,3800	0,1059
2,3900	0,0830
2,4000	0,0626
2,4100	0,0766
2,4200	0,0779
2,4300	0,0652
2,4400	0,0626
2,4500	0,0779
2,4600	0,0995
2,4700	0,0626
2,4800	0,0703
2,4900	0,0804
2,5000	0,0715
2,5100	0,0868
2,5200	0,0830
2,5300	0,0703
2,5400	0,0665
2,5500	0,0690
2,5600	0,0639
2,5700	0,0703
2,5800	0,0753
2,5900	0,0715
2,6000	0,0588
2,6100	0,0792
2,6200	0,0690
2,6300	0,0665
2,6400	0,0715
2,6500	0,0652
2,6600	0,0588
2,6700	0,0652
2,6800	0,0970
2,6900	0,0652
2,7000	0,0728
2,7100	0,0779
2,7200	0,0626
2,7300	0,0766
2,7400	0,0690
2,7500	0,0359
2,7600	0,0804
2,7700	0,0728
2,7800	0,0588
2,7900	0,0626
2,8000	0,0766
2,8100	0,0690
2,8200	0,0626
2,8300	0,0703
2,8400	0,0715
2,8500	0,0817
2,8600	0,0665
2,8700	0,0601
2,8800	0,0665
2,8900	0,0639
2,9000	0,0525
2,9100	0,0614
2,9200	0,0728
2,9300	0,0626
2,9400	0,0703
2,9500	0,0677
2,9600	0,0665
2,9700	0,0563
2,9800	0,0626
2,9900	0,0677
3,0000	0,0665
3,0100	0,0690
3,0200	0,0639
3,0300	0,0601
3,0400	0,0881
3,0500	0,0614
3,0600	0,0715
3,0700	0,0512
3,0800	0,0690
3,0900	0,0842
3,1000	0,0665
3,1100	0,0677
3,1200	0,0499
3,1300	0,0677
3,1400	0,0665
3,1500	0,0588
3,1600	0,0881
3,1700	0,0474
3,1800	0,0677
3,1900	0,0766
3,2000	0,0601
3,2100	0,0677
3,2200	0,0588
3,2300	0,0677
3,2400	0,0690
3,2500	0,0423
3,2600	0,0830
3,2700	0,0652
3,2800	0,0576
3,2900	0,0550
3,3000	0,0461
3,3100	0,0766
3,3200	0,0855
3,3300	0,0601
3,3400	0,0652
3,3500	0,0588
3,3600	0,0792
3,3700	0,0753
3,3800	0,0779
3,3900	0,0525
3,4000	0,0703
3,4100	0,0652
3,4200	0,0766
3,4300	0,0614
3,4400	0,0690
3,4500	0,0690
3,4600	0,0830
3,4700	0,0576
3,4800	0,0665
3,4900	0,0550
3,5000	0,0830
3,5100	0,0741
3,5200	0,0652
3,5300	0,0690
3,5400	0,0703
3,5500	0,0677
3,5600	0,0728
3,5700	0,0614
3,5800	0,0944
3,5900	0,0677
3,6000	0,0741
3,6100	0,0588
3,6200	0,0703
3,6300	0,0665
3,6400	0,0677
3,6500	0,0766
3,6600	0,0499
3,6700	0,0817
3,6800	0,0766
3,6900	0,0804
3,7000	0,0728
3,7100	0,0868
3,7200	0,0817
3,7300	0,0766
3,7400	0,0690
3,7500	0,0703
3,7600	0,1097
3,7700	0,0804
3,7800	0,0728
3,7900	0,0766
3,8000	0,0804
3,8100	0,0906
3,8200	0,1046
3,8300	0,0703
3,8400	0,0957
3,8500	0,1020
3,8600	0,0804
3,8700	0,0995
3,8800	0,0830
3,8900	0,1097
3,9000	0,1033
3,9100	0,0715
3,9200	0,0893
3,9300	0,0881
3,9400	0,0906
3,9500	0,1109
3,9600	0,0855
3,9700	0,0792
3,9800	0,1186
3,9900	0,0906
4,0000	0,1046
4,0100	0,1059
4,0200	0,0982
4,0300	0,1097
4,0400	0,1186
4,0500	0,1059
4,0600	0,0957
4,0700	0,1249
4,0800	0,1186
4,0900	0,1173
4,1000	0,1275
4,1100	0,1160
4,1200	0,1122
4,1300	0,0995
4,1400	0,1033
4,1500	0,1287
4,1600	0,1109
4,1700	0,1211
4,1800	0,1453
4,1900	0,1211
4,2000	0,1529
4,2100	0,1669
4,2200	0,1478
4,2300	0,1491
4,2400	0,1593
4,2500	0,1529
4,2600	0,1567
4,2700	0,1364
4,2800	0,1491
4,2900	0,1707
4,3000	0,1593
4,3100	0,1542
4,3200	0,1376
4,3300	0,1758
4,3400	0,1821
4,3500	0,1529
4,3600	0,1732
4,3700	0,1860
4,3800	0,1453
4,3900	0,1847
4,4000	0,1872
4,4100	0,1821
4,4200	0,2101
4,4300	0,1872
4,4400	0,1898
4,4500	0,1974
4,4600	0,2025
4,4700	0,1987
4,4800	0,2050
4,4900	0,1898
4,5000	0,2266
4,5100	0,1936
4,5200	0,2101
4,5300	0,1987
4,5400	0,1872
4,5500	0,2012
4,5600	0,1898
4,5700	0,1987
4,5800	0,2317
4,5900	0,1809
4,6000	0,2063
4,6100	0,1885
4,6200	0,1898
4,6300	0,2063
4,6400	0,1707
4,6500	0,2165
4,6600	0,1999
4,6700	0,2139
4,6800	0,1872
4,6900	0,1910
4,7000	0,1834
4,7100	0,1949
4,7200	0,1821
4,7300	0,1987
4,7400	0,2292
4,7500	0,1999
4,7600	0,1898
4,7700	0,2355
4,7800	0,2088
4,7900	0,2038
4,8000	0,1910
4,8100	0,2216
4,8200	0,2190
4,8300	0,2228
4,8400	0,1910
4,8500	0,2546
4,8600	0,2559
4,8700	0,2050
4,8800	0,2292
4,8900	0,2521
4,9000	0,2216
4,9100	0,2470
4,9200	0,2572
4,9300	0,2533
4,9400	0,2762
4,9500	0,2457
4,9600	0,2533
4,9700	0,2737
4,9800	0,3017
4,9900	0,2699
5,0000	0,2915
5,0100	0,2826
5,0200	0,2724
5,0300	0,3118
5,0400	0,3156
5,0500	0,3118
5,0600	0,3411
5,0700	0,3042
5,0800	0,3690
5,0900	0,2750
5,1000	0,3436
5,1100	0,3563
5,1200	0,3334
5,1300	0,3360
5,1400	0,3551
5,1500	0,3703
5,1600	0,3754
5,1700	0,3932
5,1800	0,3474
5,1900	0,3945
5,2000	0,4034
5,2100	0,4034
5,2200	0,3919
5,2300	0,4262
5,2400	0,4275
5,2500	0,3805
5,2600	0,4657
5,2700	0,4148
5,2800	0,4657
5,2900	0,4313
5,3000	0,4593
5,3100	0,4326
5,3200	0,4873
5,3300	0,5241
5,3400	0,4580
5,3500	0,5152
5,3600	0,5407
5,3700	0,4796
5,3800	0,5369
5,3900	0,5737
5,4000	0,5534
5,4100	0,5559
5,4200	0,5419
5,4300	0,5750
5,4400	0,5750
5,4500	0,6449
5,4600	0,6386
5,4700	0,6284
5,4800	0,6538
5,4900	0,6678
5,5000	0,6627
5,5100	0,6691
5,5200	0,7314
5,5300	0,7682
5,5400	0,6742
5,5500	0,7619
5,5600	0,6767
5,5700	0,8013
5,5800	0,8153
5,5900	0,8178
5,6000	0,8140
5,6100	0,7695
5,6200	0,8801
5,6300	0,8865
5,6400	0,8509
5,6500	0,9005
5,6600	0,9857
5,6700	0,9462
5,6800	1,0111
5,6900	1,0454
5,7000	0,9399
5,7100	1,0823
5,7200	1,0569
5,7300	1,1509
5,7400	1,1141
5,7500	1,1573
5,7600	1,1522
5,7700	1,1967
5,7800	1,1764
5,7900	1,2755
5,8000	1,3315
5,8100	1,3048
5,8200	1,3340
5,8300	1,3251
5,8400	1,3925
5,8500	1,3620
5,8600	1,4535
5,8700	1,4459
5,8800	1,5158
5,8900	1,4777
5,9000	1,5425
5,9100	1,5260
5,9200	1,5107
5,9300	1,6290
5,9400	1,6124
5,9500	1,6569
5,9600	1,6735
5,9700	1,6633
5,9800	1,6773
5,9900	1,7205
6,0000	1,7676
6,0100	1,9811
6,0200	1,8273
6,0300	1,8896
6,0400	1,8934
6,0500	1,9506
6,0600	2,0396
6,0700	2,0905
6,0800	2,2087
6,0900	2,1083
6,1000	2,1846
6,1100	2,2036
6,1200	2,2863
6,1300	2,4172
6,1400	2,4236
6,1500	2,4592
6,1600	2,5189
6,1700	2,5444
6,1800	2,4147
6,1900	2,6588
6,2000	2,5596
6,2100	2,7465
6,2200	2,7999
6,2300	2,6664
6,2400	2,7096
6,2500	2,7974
6,2600	2,8482
6,2700	2,9169
6,2800	2,9372
6,2900	2,8800
6,3000	2,9143
6,3100	2,9537
6,3200	3,0135
6,3300	3,1305
6,3400	3,1686
6,3500	3,2017
6,3600	3,2309
6,3700	3,3657
6,3800	3,1902
6,3900	3,5348
6,4000	3,5246
6,4100	3,5335
6,4200	3,6937
6,4300	3,7712
6,4400	3,7204
6,4500	3,7369
6,4600	3,9276
6,4700	3,9759
6,4800	4,0052
6,4900	4,0624
6,5000	3,9734
6,5100	4,0039
6,5200	4,1488
6,5300	3,9696
6,5400	3,9530
6,5500	3,9594
6,5600	3,9136
6,5700	3,7840
6,5800	3,8348
6,5900	3,6886
6,6000	3,5055
6,6100	3,4966
6,6200	3,1127
6,6300	2,9092
6,6400	2,9092
6,6500	2,8444
6,6600	2,3753
6,6700	2,6283
6,6800	2,1591
6,6900	2,0447
6,7000	1,8693
6,7100	1,7345
6,7200	1,6646
6,7300	1,4128
6,7400	1,2679
6,7500	1,1611
6,7600	1,0314
6,7700	0,9106
6,7800	0,8471
6,7900	0,8089
6,8000	0,6424
6,8100	0,5903
6,8200	0,4949
6,8300	0,4529
6,8400	0,3754
6,8500	0,3576
6,8600	0,3449
6,8700	0,2622
6,8800	0,2495
6,8900	0,2216
6,9000	0,2127
6,9100	0,1898
6,9200	0,1618
6,9300	0,1313
6,9400	0,1402
6,9500	0,1173
6,9600	0,1084
6,9700	0,0893
6,9800	0,0982
6,9900	0,0830
7,0000	0,0855
7,0100	0,0893
7,0200	0,0893
7,0300	0,0804
7,0400	0,0804
7,0500	0,0677
7,0600	0,0944
7,0700	0,0842
7,0800	0,0855
7,0900	0,0792
7,1000	0,0868
7,1100	0,0842
7,1200	0,0804
7,1300	0,0779
7,1400	0,0804
7,1500	0,0830
7,1600	0,0639
7,1700	0,0906
7,1800	0,0792
7,1900	0,0753
7,2000	0,1135
7,2100	0,0499
7,2200	0,0931
7,2300	0,0944
7,2400	0,0703
7,2500	0,0792
7,2600	0,0690
7,2700	0,0779
7,2800	0,0766
7,2900	0,0690
7,3000	0,0804
7,3100	0,0842
7,3200	0,0677
7,3300	0,0855
7,3400	0,0665
7,3500	0,0741
7,3600	0,0766
7,3700	0,0677
7,3800	0,0715
7,3900	0,0703
7,4000	0,0665
7,4100	0,0576
7,4200	0,0601
7,4300	0,0626
7,4400	0,0703
7,4500	0,0576
7,4600	0,0639
7,4700	0,0665
7,4800	0,0792
7,4900	0,0753
7,5000	0,0487
7,5100	0,0893
7,5200	0,0563
7,5300	0,0728
7,5400	0,0550
7,5500	0,0677
7,5600	0,0906
7,5700	0,0639
7,5800	0,0601
7,5900	0,0893
7,6000	0,0652
7,6100	0,0728
7,6200	0,0639
7,6300	0,0753
7,6400	0,0601
7,6500	0,0677
7,6600	0,0830
7,6700	0,0626
7,6800	0,0690
7,6900	0,0792
7,7000	0,0690
7,7100	0,0677
7,7200	0,0741
7,7300	0,0881
7,7400	0,0842
7,7500	0,0728
7,7600	0,0881
7,7700	0,0728
7,7800	0,0944
7,7900	0,0906
7,8000	0,0728
7,8100	0,0919
7,8200	0,0715
7,8300	0,1148
7,8400	0,0906
7,8500	0,0881
7,8600	0,0893
7,8700	0,0830
7,8800	0,0893
7,8900	0,1020
7,9000	0,0753
7,9100	0,1033
7,9200	0,0792
7,9300	0,1059
7,9400	0,0779
7,9500	0,1059
7,9600	0,0792
7,9700	0,0931
7,9800	0,0792
7,9900	0,0970
8,0000	0,0957
8,0100	0,0995
8,0200	0,0995
8,0300	0,0919
8,0400	0,0842
8,0500	0,0766
8,0600	0,0779
8,0700	0,0995
8,0800	0,0792
8,0900	0,0919
8,1000	0,0919
8,1100	0,0893
8,1200	0,0766
8,1300	0,0881
8,1400	0,0944
8,1500	0,0881
8,1600	0,1122
8,1700	0,0715
8,1800	0,1097
8,1900	0,0893
8,2000	0,1071
8,2100	0,1237
8,2200	0,0957
8,2300	0,0982
8,2400	0,1020
8,2500	0,0893
8,2600	0,1033
8,2700	0,1135
8,2800	0,0906
8,2900	0,1097
8,3000	0,1148
8,3100	0,0868
8,3200	0,1211
8,3300	0,0957
8,3400	0,1033
8,3500	0,1186
8,3600	0,1376
8,3700	0,1071
8,3800	0,1287
8,3900	0,1097
8,4000	0,1122
8,4100	0,1287
8,4200	0,1160
8,4300	0,1313
8,4400	0,1415
8,4500	0,1262
8,4600	0,1694
8,4700	0,1262
8,4800	0,1148
8,4900	0,1389
8,5000	0,1453
8,5100	0,1529
8,5200	0,1504
8,5300	0,1593
8,5400	0,1415
8,5500	0,1694
8,5600	0,1504
8,5700	0,1669
8,5800	0,1707
8,5900	0,1580
8,6000	0,1580
8,6100	0,1910
8,6200	0,1656
8,6300	0,2025
8,6400	0,1987
8,6500	0,1338
8,6600	0,1974
8,6700	0,1898
8,6800	0,1910
8,6900	0,1936
8,7000	0,2190
8,7100	0,1872
8,7200	0,2330
8,7300	0,2139
8,7400	0,1885
8,7500	0,2114
8,7600	0,2012
8,7700	0,2330
8,7800	0,2483
8,7900	0,2343
8,8000	0,2483
8,8100	0,2521
8,8200	0,2292
8,8300	0,2533
8,8400	0,2483
8,8500	0,2864
8,8600	0,2546
8,8700	0,2775
8,8800	0,2711
8,8900	0,3055
8,9000	0,2788
8,9100	0,2915
8,9200	0,3271
8,9300	0,2737
8,9400	0,3334
8,9500	0,3334
8,9600	0,3449
8,9700	0,3118
8,9800	0,3754
8,9900	0,3220
9,0000	0,3640
9,0100	0,3716
9,0200	0,3563
9,0300	0,3614
9,0400	0,3919
9,0500	0,3996
9,0600	0,4199
9,0700	0,3856
9,0800	0,4301
9,0900	0,4466
9,1000	0,4186
9,1100	0,4250
9,1200	0,4606
9,1300	0,4835
9,1400	0,4771
9,1500	0,4987
9,1600	0,5496
9,1700	0,4974
9,1800	0,5636
9,1900	0,5572
9,2000	0,4746
9,2100	0,6106
9,2200	0,5521
9,2300	0,5953
9,2400	0,5496
9,2500	0,5737
9,2600	0,6106
9,2700	0,6335
9,2800	0,6398
9,2900	0,6182
9,3000	0,6704
9,3100	0,6386
9,3200	0,6818
9,3300	0,7047
9,3400	0,6818
9,3500	0,7276
9,3600	0,6958
9,3700	0,7301
9,3800	0,7365
9,3900	0,7314
9,4000	0,8458
9,4100	0,7479
9,4200	0,8547
9,4300	0,8420
9,4400	0,7682
9,4500	0,9030
9,4600	0,8318
9,4700	0,8572
9,4800	0,9234
9,4900	0,8661
9,5000	1,0454
9,5100	1,0009
9,5200	0,9310
9,5300	1,0327
9,5400	1,0149
9,5500	1,0734
9,5600	1,1535
9,5700	1,0899
9,5800	1,2323
9,5900	1,1560
9,6000	1,1992
9,6100	1,2743
9,6200	1,2819
9,6300	1,2959
9,6400	1,3811
9,6500	1,3378
9,6600	1,4497
9,6700	1,3607
9,6800	1,4535
9,6900	1,5349
9,7000	1,4853
9,7100	1,5616
9,7200	1,5501
9,7300	1,5489
9,7400	1,6760
9,7500	1,6773
9,7600	1,8286
9,7700	1,8019
9,7800	1,8235
9,7900	1,8489
9,8000	1,8972
9,8100	1,9417
9,8200	2,0689
9,8300	1,9761
9,8400	2,0829
9,8500	2,0930
9,8600	2,0956
9,8700	2,1566
9,8800	2,1617
9,8900	2,1782
9,9000	2,1324
9,9100	2,2189
9,9200	2,1884
9,9300	2,2532
9,9400	2,1960
9,9500	2,1172
9,9600	2,2062
9,9700	2,1528
9,9800	2,1146
9,9900	1,9277
10,0000	2,1312
10,0100	2,0244
10,0200	1,9379
10,0300	1,8006
10,0400	1,7828
10,0500	1,7065
10,0600	1,6633
10,0700	1,7243
10,0800	1,4967
10,0900	1,5222
10,1000	1,4815
10,1100	1,4230
10,1200	1,2692
10,1300	1,2374
10,1400	1,2832
10,1500	1,1611
10,1600	1,1293
10,1700	1,0759
10,1800	1,0111
10,1900	1,0747
10,2000	0,9361
10,2100	0,9691
10,2200	0,9068
10,2300	0,9310
10,2400	0,8026
10,2500	0,8445
10,2600	0,7848
10,2700	0,7822
10,2800	0,7212
10,2900	0,7339
10,3000	0,7060
10,3100	0,6589
10,3200	0,6373
10,3300	0,6526
10,3400	0,6348
10,3500	0,5750
10,3600	0,5864
10,3700	0,5750
10,3800	0,5203
10,3900	0,4835
10,4000	0,4707
10,4100	0,5013
10,4200	0,4402
10,4300	0,4924
10,4400	0,3996
10,4500	0,4059
10,4600	0,3970
10,4700	0,3640
10,4800	0,3741
10,4900	0,3487
10,5000	0,3373
10,5100	0,3601
10,5200	0,3042
10,5300	0,3474
10,5400	0,3118
10,5500	0,3144
10,5600	0,3017
10,5700	0,3093
10,5800	0,3093
10,5900	0,2940
10,6000	0,3067
10,6100	0,2851
10,6200	0,2622
10,6300	0,3029
10,6400	0,2813
10,6500	0,2648
10,6600	0,2775
10,6700	0,2330
10,6800	0,2406
10,6900	0,2737
10,7000	0,2521
10,7100	0,1987
10,7200	0,2686
10,7300	0,1847
10,7400	0,2419
10,7500	0,2177
10,7600	0,2038
10,7700	0,1923
10,7800	0,1961
10,7900	0,1860
10,8000	0,1745
10,8100	0,1618
10,8200	0,1910
10,8300	0,1643
10,8400	0,1643
10,8500	0,1631
10,8600	0,1287
10,8700	0,1605
10,8800	0,1275
10,8900	0,1376
10,9000	0,1249
10,9100	0,1478
10,9200	0,1376
10,9300	0,1376
10,9400	0,1300
10,9500	0,1237
10,9600	0,1453
10,9700	0,1109
10,9800	0,1440
10,9900	0,1275
11,0000	0,1122
11,0100	0,1338
11,0200	0,1122
11,0300	0,1071
11,0400	0,1300
11,0500	0,1020
11,0600	0,1326
11,0700	0,1046
11,0800	0,1186
11,0900	0,1224
11,1000	0,0906
11,1100	0,1262
11,1200	0,1084
11,1300	0,1186
11,1400	0,0995
11,1500	0,1160
11,1600	0,0868
11,1700	0,1122
11,1800	0,1186
11,1900	0,1084
11,2000	0,1211
11,2100	0,0906
11,2200	0,1020
11,2300	0,1211
11,2400	0,0982
11,2500	0,1237
11,2600	0,1084
11,2700	0,0970
11,2800	0,1046
11,2900	0,1122
11,3000	0,1008
11,3100	0,0995
11,3200	0,1148
11,3300	0,1059
11,3400	0,1160
11,3500	0,1033
11,3600	0,1211
11,3700	0,0855
11,3800	0,1249
11,3900	0,0804
11,4000	0,1046
11,4100	0,0944
11,4200	0,1097
11,4300	0,1160
11,4400	0,0817
11,4500	0,0995
11,4600	0,0766
11,4700	0,0919
11,4800	0,0881
11,4900	0,0919
11,5000	0,0970
11,5100	0,0893
11,5200	0,0753
11,5300	0,1046
11,5400	0,0804
11,5500	0,0906
11,5600	0,0881
11,5700	0,0830
11,5800	0,0893
11,5900	0,0970
11,6000	0,0970
11,6100	0,0868
11,6200	0,0804
11,6300	0,0982
11,6400	0,0690
11,6500	0,0957
11,6600	0,0842
11,6700	0,0881
11,6800	0,1008
11,6900	0,0728
11,7000	0,0792
11,7100	0,0970
11,7200	0,0893
11,7300	0,0919
11,7400	0,0677
11,7500	0,0995
11,7600	0,0919
11,7700	0,0944
11,7800	0,1046
11,7900	0,0906
11,8000	0,1046
11,8100	0,0957
11,8200	0,0957
11,8300	0,0906
11,8400	0,0881
11,8500	0,0842
11,8600	0,0690
11,8700	0,0919
11,8800	0,0931
11,8900	0,0881
11,9000	0,0931
11,9100	0,1109
11,9200	0,0868
11,9300	0,0944
11,9400	0,0944
11,9500	0,0995
11,9600	0,0919
11,9700	0,0919
11,9800	0,1020
11,9900	0,0855
12,0000	0,1198
12,0100	0,0881
12,0200	0,0931
12,0300	0,0893
12,0400	0,0906
12,0500	0,0893
12,0600	0,0868
12,0700	0,0919
12,0800	0,0881
12,0900	0,0931
12,1000	0,0626
12,1100	0,0944
12,1200	0,0855
12,1300	0,0868
12,1400	0,0893
12,1500	0,0817
12,1600	0,0665
12,1700	0,0906
12,1800	0,0690
12,1900	0,0792
12,2000	0,0741
12,2100	0,0830
12,2200	0,0715
12,2300	0,0576
12,2400	0,0665
12,2500	0,0550
12,2600	0,0753
12,2700	0,0690
12,2800	0,0652
12,2900	0,0563
12,3000	0,0690
12,3100	0,0537
12,3200	0,0804
12,3300	0,0563
12,3400	0,0741
12,3500	0,0601
12,3600	0,0550
12,3700	0,0588
12,3800	0,0703
12,3900	0,0741
12,4000	0,0601
12,4100	0,0703
12,4200	0,0601
12,4300	0,0601
12,4400	0,0512
12,4500	0,0741
12,4600	0,0588
12,4700	0,0728
12,4800	0,0525
12,4900	0,0792
12,5000	0,0652
12,5100	0,0753
12,5200	0,0753
12,5300	0,0677
12,5400	0,0855
12,5500	0,0715
12,5600	0,0703
12,5700	0,0919
12,5800	0,0715
12,5900	0,0995
12,6000	0,0703
12,6100	0,0982
12,6200	0,0652
12,6300	0,0868
12,6400	0,0906
12,6500	0,0792
12,6600	0,1059
12,6700	0,0690
12,6800	0,0944
12,6900	0,0792
12,7000	0,0855
12,7100	0,0868
12,7200	0,0970
12,7300	0,0855
12,7400	0,0842
12,7500	0,0893
12,7600	0,1046
12,7700	0,0893
12,7800	0,0842
12,7900	0,1046
12,8000	0,0868
12,8100	0,0957
12,8200	0,0970
12,8300	0,0792
12,8400	0,1020
12,8500	0,1046
12,8600	0,0893
12,8700	0,1198
12,8800	0,0944
12,8900	0,0893
12,9000	0,1071
12,9100	0,0906
12,9200	0,1084
12,9300	0,0919
12,9400	0,0893
12,9500	0,1046
12,9600	0,1033
12,9700	0,1020
12,9800	0,0690
12,9900	0,1389
13,0000	0,0906
13,0100	0,1059
13,0200	0,1008
13,0300	0,1135
13,0400	0,0944
13,0500	0,1122
13,0600	0,1275
13,0700	0,1122
13,0800	0,1173
13,0900	0,1262
13,1000	0,1173
13,1100	0,1389
13,1200	0,1148
13,1300	0,1287
13,1400	0,1160
13,1500	0,1135
13,1600	0,1402
13,1700	0,1262
13,1800	0,1364
13,1900	0,1186
13,2000	0,1516
13,2100	0,1402
13,2200	0,1211
13,2300	0,1860
13,2400	0,1389
13,2500	0,1402
13,2600	0,1402
13,2700	0,1364
13,2800	0,1542
13,2900	0,1542
13,3000	0,1491
13,3100	0,1516
13,3200	0,1504
13,3300	0,1440
13,3400	0,1720
13,3500	0,1465
13,3600	0,1885
13,3700	0,1453
13,3800	0,1593
13,3900	0,1834
13,4000	0,1872
13,4100	0,1987
13,4200	0,1732
13,4300	0,2012
13,4400	0,2038
13,4500	0,1669
13,4600	0,2088
13,4700	0,1898
13,4800	0,1796
13,4900	0,2012
13,5000	0,2394
13,5100	0,1872
13,5200	0,2012
13,5300	0,2216
13,5400	0,2076
13,5500	0,2012
13,5600	0,2216
13,5700	0,2088
13,5800	0,1949
13,5900	0,2368
13,6000	0,2368
13,6100	0,2063
13,6200	0,2597
13,6300	0,1949
13,6400	0,2266
13,6500	0,2317
13,6600	0,2101
13,6700	0,2305
13,6800	0,2533
13,6900	0,2355
13,7000	0,2317
13,7100	0,2266
13,7200	0,2444
13,7300	0,2305
13,7400	0,2610
13,7500	0,2330
13,7600	0,2521
13,7700	0,2444
13,7800	0,2368
13,7900	0,2521
13,8000	0,2317
13,8100	0,2152
13,8200	0,2406
13,8300	0,2254
13,8400	0,2305
13,8500	0,2355
13,8600	0,2266
13,8700	0,2406
13,8800	0,2317
13,8900	0,2177
13,9000	0,2203
13,9100	0,2203
13,9200	0,2521
13,9300	0,2203
13,9400	0,2127
13,9500	0,2737
13,9600	0,2406
13,9700	0,2381
13,9800	0,2152
13,9900	0,2724
14,0000	0,2330
14,0100	0,2228
14,0200	0,2381
14,0300	0,2495
14,0400	0,2661
14,0500	0,2597
14,0600	0,2928
14,0700	0,2432
14,0800	0,2711
14,0900	0,2572
14,1000	0,2724
14,1100	0,2597
14,1200	0,2724
14,1300	0,2953
14,1400	0,2711
14,1500	0,3169
14,1600	0,2686
14,1700	0,3093
14,1800	0,2940
14,1900	0,3309
14,2000	0,3144
14,2100	0,3017
14,2200	0,3106
14,2300	0,3233
14,2400	0,3067
14,2500	0,3423
14,2600	0,2953
14,2700	0,3474
14,2800	0,3296
14,2900	0,3525
14,3000	0,3792
14,3100	0,3487
14,3200	0,3830
14,3300	0,3347
14,3400	0,3729
14,3500	0,3868
14,3600	0,3614
14,3700	0,3779
14,3800	0,3779
14,3900	0,3690
14,4000	0,3551
14,4100	0,3881
14,4200	0,3538
14,4300	0,4148
14,4400	0,3996
14,4500	0,3729
14,4600	0,3805
14,4700	0,3678
14,4800	0,3449
14,4900	0,3856
14,5000	0,4110
14,5100	0,3525
14,5200	0,4148
14,5300	0,3627
14,5400	0,3983
14,5500	0,3907
14,5600	0,3919
14,5700	0,4275
14,5800	0,4148
14,5900	0,4034
14,6000	0,3970
14,6100	0,3894
14,6200	0,3957
14,6300	0,4059
14,6400	0,4199
14,6500	0,4364
14,6600	0,3754
14,6700	0,4212
14,6800	0,4402
14,6900	0,4237
14,7000	0,4479
14,7100	0,4237
14,7200	0,4288
14,7300	0,4682
14,7400	0,4262
14,7500	0,4987
14,7600	0,4720
14,7700	0,4606
14,7800	0,4962
14,7900	0,4720
14,8000	0,4682
14,8100	0,5445
14,8200	0,4733
14,8300	0,5038
14,8400	0,5152
14,8500	0,5521
14,8600	0,5369
14,8700	0,5648
14,8800	0,5636
14,8900	0,5572
14,9000	0,5763
14,9100	0,5864
14,9200	0,5877
14,9300	0,5928
14,9400	0,6475
14,9500	0,5864
14,9600	0,6538
14,9700	0,6526
14,9800	0,6398
14,9900	0,7161
15,0000	0,6691
15,0100	0,6983
15,0200	0,6907
15,0300	0,7161
15,0400	0,7098
15,0500	0,8089
15,0600	0,7174
15,0700	0,7657
15,0800	0,7492
15,0900	0,8318
15,1000	0,7657
15,1100	0,8636
15,1200	0,7543
15,1300	0,8738
15,1400	0,8496
15,1500	0,9221
15,1600	0,8115
15,1700	0,9234
15,1800	0,8763
15,1900	0,9704
15,2000	0,9462
15,2100	0,9310
15,2200	0,9323
15,2300	0,9933
15,2400	0,9488
15,2500	0,9844
15,2600	1,0238
15,2700	0,9755
15,2800	1,0149
15,2900	1,0213
15,3000	1,0263
15,3100	1,0302
15,3200	1,0213
15,3300	1,0467
15,3400	1,0124
15,3500	1,0403
15,3600	0,9946
15,3700	1,0149
15,3800	0,9259
15,3900	1,0340
15,4000	0,8611
15,4100	1,0022
15,4200	0,9208
15,4300	0,9564
15,4400	0,9094
15,4500	0,8394
15,4600	0,8585
15,4700	0,7644
15,4800	0,8191
15,4900	0,8127
15,5000	0,7619
15,5100	0,7250
15,5200	0,7174
15,5300	0,6437
15,5400	0,6093
15,5500	0,6882
15,5600	0,5763
15,5700	0,6475
15,5800	0,5051
15,5900	0,5140
15,6000	0,4911
15,6100	0,4847
15,6200	0,4568
15,6300	0,4390
15,6400	0,4504
15,6500	0,4466
15,6600	0,4148
15,6700	0,3309
15,6800	0,3741
15,6900	0,3678
15,7000	0,3334
15,7100	0,4046
15,7200	0,2889
15,7300	0,4034
15,7400	0,2775
15,7500	0,3144
15,7600	0,3017
15,7700	0,2940
15,7800	0,2610
15,7900	0,2546
15,8000	0,2597
15,8100	0,2483
15,8200	0,2622
15,8300	0,2088
15,8400	0,2622
15,8500	0,2330
15,8600	0,1898
15,8700	0,2050
15,8800	0,2012
15,8900	0,1872
15,9000	0,1999
15,9100	0,1910
15,9200	0,1694
15,9300	0,1809
15,9400	0,1860
15,9500	0,1821
15,9600	0,1415
15,9700	0,2139
15,9800	0,1491
15,9900	0,1745
16,0000	0,1554
16,0100	0,1338
16,0200	0,1326
16,0300	0,1860
16,0400	0,1148
16,0500	0,1198
16,0600	0,1122
16,0700	0,1135
16,0800	0,1287
16,0900	0,0881
16,1000	0,1173
16,1100	0,0919
16,1200	0,1084
16,1300	0,1008
16,1400	0,0868
16,1500	0,0931
16,1600	0,0906
16,1700	0,0906
16,1800	0,0576
16,1900	0,0652
16,2000	0,0741
16,2100	0,0525
16,2200	0,0487
16,2300	0,0728
16,2400	0,0588
16,2500	0,0779
16,2600	0,0588
16,2700	0,0576
16,2800	0,0563
16,2900	0,0652
16,3000	0,0576
16,3100	0,0487
16,3200	0,0461
16,3300	0,0448
16,3400	0,0410
16,3500	0,0385
16,3600	0,0512
16,3700	0,0537
16,3800	0,0537
16,3900	0,0512
16,4000	0,0461
16,4100	0,0296
16,4200	0,0499
16,4300	0,0372
16,4400	0,0359
16,4500	0,0372
16,4600	0,0487
16,4700	0,0398
16,4800	0,0410
16,4900	0,0283
16,5000	0,0372
16,5100	0,0245
16,5200	0,0309
16,5300	0,0385
16,5400	0,0321
16,5500	0,0499
16,5600	0,0334
16,5700	0,0550
16,5800	0,0270
16,5900	0,0372
16,6000	0,0283
16,6100	0,0334
16,6200	0,0448
16,6300	0,0245
16,6400	0,0359
16,6500	0,0309
16,6600	0,0474
16,6700	0,0461
16,6800	0,0372
16,6900	0,0309
16,7000	0,0423
16,7100	0,0359
16,7200	0,0309
16,7300	0,0410
16,7400	0,0321
16,7500	0,0347
16,7600	0,0309
16,7700	0,0283
16,7800	0,0487
16,7900	0,0359
16,8000	0,0283
16,8100	0,0359
16,8200	0,0309
16,8300	0,0436
16,8400	0,0385
16,8500	0,0283
16,8600	0,0309
16,8700	0,0398
16,8800	0,0283
16,8900	0,0359
16,9000	0,0537
16,9100	0,0385
16,9200	0,0181
16,9300	0,0385
16,9400	0,0232
16,9500	0,0296
16,9600	0,0423
16,9700	0,0359
16,9800	0,0321
16,9900	0,0499
17,0000	0,0296
17,0100	0,0296
17,0200	0,0448
17,0300	0,0423
17,0400	0,0321
17,0500	0,0245
17,0600	0,0563
17,0700	0,0321
17,0800	0,0423
17,0900	0,0410
17,1000	0,0372
17,1100	0,0474
17,1200	0,0448
17,1300	0,0296
17,1400	0,0614
17,1500	0,0359
17,1600	0,0588
17,1700	0,0296
17,1800	0,0601
17,1900	0,0423
17,2000	0,0461
17,2100	0,0372
17,2200	0,0423
17,2300	0,0436
17,2400	0,0461
17,2500	0,0410
17,2600	0,0296
17,2700	0,0487
17,2800	0,0525
17,2900	0,0576
17,3000	0,0321
17,3100	0,0448
17,3200	0,0347
17,3300	0,0448
17,3400	0,0359
17,3500	0,0626
17,3600	0,0499
17,3700	0,0512
17,3800	0,0626
17,3900	0,0372
17,4000	0,0626
17,4100	0,0372
17,4200	0,0525
17,4300	0,0512
17,4400	0,0665
17,4500	0,0448
17,4600	0,0690
17,4700	0,0487
17,4800	0,0487
17,4900	0,0690
17,5000	0,0410
17,5100	0,0537
17,5200	0,0779
17,5300	0,0334
17,5400	0,0677
17,5500	0,0652
17,5600	0,0626
17,5700	0,0665
17,5800	0,0474
17,5900	0,0753
17,6000	0,0487
17,6100	0,0525
17,6200	0,0601
17,6300	0,0499
17,6400	0,0614
17,6500	0,0499
17,6600	0,0461
17,6700	0,0334
17,6800	0,0665
17,6900	0,0601
17,7000	0,0703
17,7100	0,0537
17,7200	0,0614
17,7300	0,0626
17,7400	0,0563
17,7500	0,0499
17,7600	0,0550
17,7700	0,0436
17,7800	0,0792
17,7900	0,0359
17,8000	0,0665
17,8100	0,0588
17,8200	0,0715
17,8300	0,0690
17,8400	0,0715
17,8500	0,0576
17,8600	0,0639
17,8700	0,0677
17,8800	0,0626
17,8900	0,0614
17,9000	0,0639
17,9100	0,0537
17,9200	0,0588
17,9300	0,0690
17,9400	0,0703
17,9500	0,0537
17,9600	0,0588
17,9700	0,0715
17,9800	0,0588
17,9900	0,0792
18,0000	0,0550
18,0100	0,0563
18,0200	0,0550
18,0300	0,0626
18,0400	0,0614
18,0500	0,0588
18,0600	0,0741
18,0700	0,0614
18,0800	0,0550
18,0900	0,0563
18,1000	0,0461
18,1100	0,0792
18,1200	0,0499
18,1300	0,0715
18,1400	0,0588
18,1500	0,0804
18,1600	0,0703
18,1700	0,0715
18,1800	0,0817
18,1900	0,0677
18,2000	0,0728
18,2100	0,0703
18,2200	0,0842
18,2300	0,0563
18,2400	0,0792
18,2500	0,0906
18,2600	0,0804
18,2700	0,0639
18,2800	0,0677
18,2900	0,0919
18,3000	0,0728
18,3100	0,0677
18,3200	0,0588
18,3300	0,0779
18,3400	0,0804
18,3500	0,0728
18,3600	0,0792
18,3700	0,0868
18,3800	0,0868
18,3900	0,0728
18,4000	0,0906
18,4100	0,0970
18,4200	0,0906
18,4300	0,0995
18,4400	0,0817
18,4500	0,0804
18,4600	0,0957
18,4700	0,0944
18,4800	0,0957
18,4900	0,0893
18,5000	0,0919
18,5100	0,0906
18,5200	0,0931
18,5300	0,0919
18,5400	0,1020
18,5500	0,0817
18,5600	0,0982
18,5700	0,0919
18,5800	0,1122
18,5900	0,0779
18,6000	0,1186
18,6100	0,1059
18,6200	0,1122
18,6300	0,1071
18,6400	0,0944
18,6500	0,0957
18,6600	0,1008
18,6700	0,0970
18,6800	0,1237
18,6900	0,1186
18,7000	0,1084
18,7100	0,0906
18,7200	0,1275
18,7300	0,0995
18,7400	0,1020
18,7500	0,1135
18,7600	0,1249
18,7700	0,1071
18,7800	0,1237
18,7900	0,1465
18,8000	0,0995
18,8100	0,1097
18,8200	0,1109
18,8300	0,1300
18,8400	0,1554
18,8500	0,1148
18,8600	0,1211
18,8700	0,1287
18,8800	0,1376
18,8900	0,1402
18,9000	0,1376
18,9100	0,1491
18,9200	0,1071
18,9300	0,1656
18,9400	0,1198
18,9500	0,1605
18,9600	0,1364
18,9700	0,1542
18,9800	0,1605
18,9900	0,1415
19,0000	0,1694
19,0100	0,1376
19,0200	0,1643
19,0300	0,1694
19,0400	0,1364
19,0500	0,1567
19,0600	0,1783
19,0700	0,1529
19,0800	0,1745
19,0900	0,1631
19,1000	0,1847
19,1100	0,1999
19,1200	0,2012
19,1300	0,1783
19,1400	0,1796
19,1500	0,1847
19,1600	0,2330
19,1700	0,2228
19,1800	0,1694
19,1900	0,1999
19,2000	0,2177
19,2100	0,1809
19,2200	0,2381
19,2300	0,1885
19,2400	0,2203
19,2500	0,1898
19,2600	0,2114
19,2700	0,2063
19,2800	0,2038
19,2900	0,2355
19,3000	0,2190
19,3100	0,2266
19,3200	0,1999
19,3300	0,1987
19,3400	0,1821
19,3500	0,2419
19,3600	0,1898
19,3700	0,2165
19,3800	0,1987
19,3900	0,2012
19,4000	0,2368
19,4100	0,1885
19,4200	0,1961
19,4300	0,1974
19,4400	0,1987
19,4500	0,2177
19,4600	0,2088
19,4700	0,1936
19,4800	0,1974
19,4900	0,2203
19,5000	0,1580
19,5100	0,2216
19,5200	0,1910
19,5300	0,2050
19,5400	0,2038
19,5500	0,2203
19,5600	0,1682
19,5700	0,2203
19,5800	0,2101
19,5900	0,2050
19,6000	0,2088
19,6100	0,2127
19,6200	0,2114
19,6300	0,2305
19,6400	0,2139
19,6500	0,2546
19,6600	0,1669
19,6700	0,2381
19,6800	0,1999
19,6900	0,1796
19,7000	0,2305
19,7100	0,1707
19,7200	0,2101
19,7300	0,2088
19,7400	0,1961
19,7500	0,2063
19,7600	0,2088
19,7700	0,2025
19,7800	0,1872
19,7900	0,2254
19,8000	0,2063
19,8100	0,2228
19,8200	0,2152
19,8300	0,2012
19,8400	0,2317
19,8500	0,1758
19,8600	0,2050
19,8700	0,2101
19,8800	0,1682
19,8900	0,2203
19,9000	0,1821
19,9100	0,1987
19,9200	0,1974
19,9300	0,2101
19,9400	0,1567
19,9500	0,2241
19,9600	0,2177
19,9700	0,1847
19,9800	0,1720
19,9900	0,1898
20,0000	0,1529
20,0100	0,1821
20,0200	0,1415
20,0300	0,1910
20,0400	0,1618
20,0500	0,1783
20,0600	0,1478
20,0700	0,1605
20,0800	0,1389
20,0900	0,1783
20,1000	0,1313
20,1100	0,1453
20,1200	0,1478
20,1300	0,1313
20,1400	0,1389
20,1500	0,1478
20,1600	0,1415
20,1700	0,1135
20,1800	0,1122
20,1900	0,1313
20,2000	0,1071
20,2100	0,0957
20,2200	0,0995
20,2300	0,1097
20,2400	0,1122
20,2500	0,1059
20,2600	0,1122
20,2700	0,1071
20,2800	0,0881
20,2900	0,1046
20,3000	0,0944
20,3100	0,1046
20,3200	0,0970
20,3300	0,0970
20,3400	0,0830
20,3500	0,0868
20,3600	0,0753
20,3700	0,0957
20,3800	0,0893
20,3900	0,0715
20,4000	0,0944
20,4100	0,0842
20,4200	0,1008
20,4300	0,0665
20,4400	0,1046
20,4500	0,0665
20,4600	0,0690
20,4700	0,0652
20,4800	0,0830
20,4900	0,0715
20,5000	0,0804
20,5100	0,0830
20,5200	0,0728
20,5300	0,0868
20,5400	0,0677
20,5500	0,0766
20,5600	0,0665
20,5700	0,0792
20,5800	0,0576
20,5900	0,0893
20,6000	0,0690
20,6100	0,0804
20,6200	0,0741
20,6300	0,0804
20,6400	0,0665
20,6500	0,0690
20,6600	0,0779
20,6700	0,0817
20,6800	0,0957
20,6900	0,0779
20,7000	0,0893
20,7100	0,1071
20,7200	0,0970
20,7300	0,0893
20,7400	0,0766
20,7500	0,0893
20,7600	0,0881
20,7700	0,0703
20,7800	0,1109
20,7900	0,0792
20,8000	0,1211
20,8100	0,0728
20,8200	0,0893
20,8300	0,0957
20,8400	0,0906
20,8500	0,1097
20,8600	0,0766
20,8700	0,1135
20,8800	0,1046
20,8900	0,0957
20,9000	0,0817
20,9100	0,0906
20,9200	0,1097
20,9300	0,0677
20,9400	0,1084
20,9500	0,0919
20,9600	0,1046
20,9700	0,0868
20,9800	0,0893
20,9900	0,0766
21,0000	0,0893
21,0100	0,0995
21,0200	0,0677
21,0300	0,1046
21,0400	0,0690
21,0500	0,0830
21,0600	0,0868
21,0700	0,0398
21,0800	0,0817
21,0900	0,0626
21,1000	0,0753
21,1100	0,0690
21,1200	0,0614
21,1300	0,0817
21,1400	0,0372
21,1500	0,0728
21,1600	0,0614
21,1700	0,0728
21,1800	0,0423
21,1900	0,0703
21,2000	0,0423
21,2100	0,0487
21,2200	0,0652
21,2300	0,0359
21,2400	0,0487
21,2500	0,0436
21,2600	0,0588
21,2700	0,0309
21,2800	0,0499
21,2900	0,0385
21,3000	0,0537
21,3100	0,0474
21,3200	0,0525
21,3300	0,0321
21,3400	0,0423
21,3500	0,0423
21,3600	0,0258
21,3700	0,0283
21,3800	0,0385
21,3900	0,0321
21,4000	0,0321
21,4100	0,0423
21,4200	0,0372
21,4300	0,0321
21,4400	0,0448
21,4500	0,0474
21,4600	0,0334
21,4700	0,0359
21,4800	0,0385
21,4900	0,0334
21,5000	0,0359
21,5100	0,0436
21,5200	0,0499
21,5300	0,0334
21,5400	0,0461
21,5500	0,0169
21,5600	0,0448
21,5700	0,0321
21,5800	0,0359
21,5900	0,0258
21,6000	0,0309
21,6100	0,0347
21,6200	0,0359
21,6300	0,0258
21,6400	0,0283
21,6500	0,0359
21,6600	0,0512
21,6700	0,0220
21,6800	0,0487
21,6900	0,0385
21,7000	0,0525
21,7100	0,0423
21,7200	0,0359
21,7300	0,0283
21,7400	0,0321
21,7500	0,0283
21,7600	0,0359
21,7700	0,0296
21,7800	0,0385
21,7900	0,0245
21,8000	0,0194
21,8100	0,0220
21,8200	0,0448
21,8300	0,0423
21,8400	0,0270
21,8500	0,0296
21,8600	0,0321
21,8700	0,0448
21,8800	0,0461
21,8900	0,0385
21,9000	0,0309
21,9100	0,0398
21,9200	0,0537
21,9300	0,0385
21,9400	0,0448
21,9500	0,0423
21,9600	0,0474
21,9700	0,0270
21,9800	0,0372
21,9900	0,0359
22,0000	0,0372
22,0100	0,0359
22,0200	0,0576
22,0300	0,0436
22,0400	0,0423
22,0500	0,0448
22,0600	0,0410
22,0700	0,0550
22,0800	0,0448
22,0900	0,0525
22,1000	0,0347
22,1100	0,0347
22,1200	0,0385
22,1300	0,0639
22,1400	0,0347
22,1500	0,0525
22,1600	0,0436
22,1700	0,0398
22,1800	0,0448
22,1900	0,0309
22,2000	0,0474
22,2100	0,0588
22,2200	0,0347
22,2300	0,0614
22,2400	0,0359
22,2500	0,0461
22,2600	0,0372
22,2700	0,0703
22,2800	0,0423
22,2900	0,0410
22,3000	0,0372
22,3100	0,0474
22,3200	0,0474
22,3300	0,0563
22,3400	0,0461
22,3500	0,0525
22,3600	0,0550
22,3700	0,0448
22,3800	0,0372
22,3900	0,0550
22,4000	0,0588
22,4100	0,0359
22,4200	0,0576
22,4300	0,0270
22,4400	0,0537
22,4500	0,0474
22,4600	0,0398
22,4700	0,0436
22,4800	0,0487
22,4900	0,0448
22,5000	0,0474
22,5100	0,0283
22,5200	0,0576
22,5300	0,0436
22,5400	0,0576
22,5500	0,0436
22,5600	0,0601
22,5700	0,0537
22,5800	0,0499
22,5900	0,0487
22,6000	0,0448
22,6100	0,0448
22,6200	0,0385
22,6300	0,0487
22,6400	0,0576
22,6500	0,0512
22,6600	0,0563
22,6700	0,0550
22,6800	0,0410
22,6900	0,0385
22,7000	0,0639
22,7100	0,0487
22,7200	0,0563
22,7300	0,0665
22,7400	0,0487
22,7500	0,0626
22,7600	0,0436
22,7700	0,0474
22,7800	0,0563
22,7900	0,0398
22,8000	0,0563
22,8100	0,0525
22,8200	0,0487
22,8300	0,0588
22,8400	0,0499
22,8500	0,0639
22,8600	0,0766
22,8700	0,0741
22,8800	0,0398
22,8900	0,0512
22,9000	0,0512
22,9100	0,0512
22,9200	0,0766
22,9300	0,0665
22,9400	0,0881
22,9500	0,0410
22,9600	0,0741
22,9700	0,0626
22,9800	0,0563
22,9900	0,0614
23,0000	0,0665
23,0100	0,0677
23,0200	0,0817
23,0300	0,0677
23,0400	0,0779
23,0500	0,0652
23,0600	0,0804
23,0700	0,0665
23,0800	0,0753
23,0900	0,0741
23,1000	0,0817
23,1100	0,0715
23,1200	0,0893
23,1300	0,0931
23,1400	0,0855
23,1500	0,0753
23,1600	0,0563
23,1700	0,0957
23,1800	0,0715
23,1900	0,0728
23,2000	0,0881
23,2100	0,0677
23,2200	0,0893
23,2300	0,0677
23,2400	0,0868
23,2500	0,0881
23,2600	0,1046
23,2700	0,0893
23,2800	0,0868
23,2900	0,0881
23,3000	0,0881
23,3100	0,0842
23,3200	0,0830
23,3300	0,0766
23,3400	0,1020
23,3500	0,1059
23,3600	0,0753
23,3700	0,0766
23,3800	0,0779
23,3900	0,0842
23,4000	0,0728
23,4100	0,1020
23,4200	0,0893
23,4300	0,0665
23,4400	0,0944
23,4500	0,0906
23,4600	0,0728
23,4700	0,0715
23,4800	0,0957
23,4900	0,1046
23,5000	0,0792
23,5100	0,0919
23,5200	0,0728
23,5300	0,0881
23,5400	0,0931
23,5500	0,0842
23,5600	0,0842
23,5700	0,0868
23,5800	0,0703
23,5900	0,0995
23,6000	0,0842
23,6100	0,0906
23,6200	0,0957
23,6300	0,0957
23,6400	0,0779
23,6500	0,1224
23,6600	0,0919
23,6700	0,1033
23,6800	0,1109
23,6900	0,0842
23,7000	0,0893
23,7100	0,0893
23,7200	0,1008
23,7300	0,0919
23,7400	0,1020
23,7500	0,0995
23,7600	0,1122
23,7700	0,0817
23,7800	0,0919
23,7900	0,1020
23,8000	0,1160
23,8100	0,1008
23,8200	0,0855
23,8300	0,1135
23,8400	0,1097
23,8500	0,0906
23,8600	0,1122
23,8700	0,1186
23,8800	0,1224
23,8900	0,1020
23,9000	0,1224
23,9100	0,0995
23,9200	0,1262
23,9300	0,0931
23,9400	0,1097
23,9500	0,1148
23,9600	0,1046
23,9700	0,1326
23,9800	0,1008
23,9900	0,1275
24,0000	0,1148
24,0100	0,1020
24,0200	0,1109
24,0300	0,1046
24,0400	0,1097
24,0500	0,1198
24,0600	0,1046
24,0700	0,0982
24,0800	0,1046
24,0900	0,1160
24,1000	0,1020
24,1100	0,0970
24,1200	0,1440
24,1300	0,0995
24,1400	0,1059
24,1500	0,1122
24,1600	0,1084
24,1700	0,1262
24,1800	0,1122
24,1900	0,1084
24,2000	0,1148
24,2100	0,1148
24,2200	0,0906
24,2300	0,1249
24,2400	0,0931
24,2500	0,1478
24,2600	0,1059
24,2700	0,0931
24,2800	0,1186
24,2900	0,1224
24,3000	0,1084
24,3100	0,1084
24,3200	0,1389
24,3300	0,0931
24,3400	0,1135
24,3500	0,0931
24,3600	0,1135
24,3700	0,1326
24,3800	0,1135
24,3900	0,0957
24,4000	0,1186
24,4100	0,1033
24,4200	0,1109
24,4300	0,1198
24,4400	0,0919
24,4500	0,1122
24,4600	0,1059
24,4700	0,1135
24,4800	0,1097
24,4900	0,1046
24,5000	0,1097
24,5100	0,0995
24,5200	0,1186
24,5300	0,0982
24,5400	0,1059
24,5500	0,1211
24,5600	0,0868
24,5700	0,1059
24,5800	0,1148
24,5900	0,1275
24,6000	0,0995
24,6100	0,0855
24,6200	0,1198
24,6300	0,1249
24,6400	0,0855
24,6500	0,0931
24,6600	0,1008
24,6700	0,1109
24,6800	0,0792
24,6900	0,1046
24,7000	0,0842
24,7100	0,1059
24,7200	0,0995
24,7300	0,0804
24,7400	0,0931
24,7500	0,0944
24,7600	0,0817
24,7700	0,0881
24,7800	0,0944
24,7900	0,0944
24,8000	0,0855
24,8100	0,0982
24,8200	0,0779
24,8300	0,0893
24,8400	0,0906
24,8500	0,0779
24,8600	0,1046
24,8700	0,0525
24,8800	0,0855
24,8900	0,0792
24,9000	0,0652
24,9100	0,0690
24,9200	0,0639
24,9300	0,0957
24,9400	0,0817
24,9500	0,0512
24,9600	0,0804
24,9700	0,0690
24,9800	0,0766
24,9900	0,0677
25,0000	0,0728
25,0100	0,0588
25,0200	0,0703
25,0300	0,0665
25,0400	0,0842
25,0500	0,0423
25,0600	0,0639
25,0700	0,0728
25,0800	0,0461
25,0900	0,0601
25,1000	0,0665
25,1100	0,0677
25,1200	0,0766
25,1300	0,0703
25,1400	0,0639
25,1500	0,0766
25,1600	0,0639
25,1700	0,0690
25,1800	0,0512
25,1900	0,0639
25,2000	0,0626
25,2100	0,0779
25,2200	0,0321
25,2300	0,0677
25,2400	0,0499
25,2500	0,0537
25,2600	0,0626
25,2700	0,0715
25,2800	0,0728
25,2900	0,0766
25,3000	0,0474
25,3100	0,0499
25,3200	0,0728
25,3300	0,0690
25,3400	0,0372
25,3500	0,0563
25,3600	0,0385
25,3700	0,0563
25,3800	0,0601
25,3900	0,0588
25,4000	0,0563
25,4100	0,0677
25,4200	0,0626
25,4300	0,0601
25,4400	0,0639
25,4500	0,0537
25,4600	0,0537
25,4700	0,0588
25,4800	0,0499
25,4900	0,0410
25,5000	0,0410
25,5100	0,0436
25,5200	0,0461
25,5300	0,0436
25,5400	0,0283
25,5500	0,0550
25,5600	0,0423
25,5700	0,0309
25,5800	0,0474
25,5900	0,0410
25,6000	0,0537
25,6100	0,0270
25,6200	0,0321
25,6300	0,0474
25,6400	0,0576
25,6500	0,0372
25,6600	0,0398
25,6700	0,0537
25,6800	0,0296
25,6900	0,0359
25,7000	0,0334
25,7100	0,0372
25,7200	0,0359
25,7300	0,0334
25,7400	0,0499
25,7500	0,0461
25,7600	0,0347
25,7700	0,0410
25,7800	0,0334
25,7900	0,0474
25,8000	0,0474
25,8100	0,0270
25,8200	0,0372
25,8300	0,0359
25,8400	0,0334
25,8500	0,0194
25,8600	0,0359
25,8700	0,0461
25,8800	0,0220
25,8900	0,0550
25,9000	0,0220
25,9100	0,0576
25,9200	0,0487
25,9300	0,0410
25,9400	0,0410
25,9500	0,0474
25,9600	0,0296
25,9700	0,0309
25,9800	0,0423
25,9900	0,0296
26,0000	0,0487
26,0100	0,0385
26,0200	0,0359
26,0300	0,0347
26,0400	0,0296
26,0500	0,0347
26,0600	0,0499
26,0700	0,0347
26,0800	0,0372
26,0900	0,0461
26,1000	0,0372
26,1100	0,0410
26,1200	0,0448
26,1300	0,0283
26,1400	0,0512
26,1500	0,0423
26,1600	0,0270
26,1700	0,0359
26,1800	0,0487
26,1900	0,0436
26,2000	0,0423
26,2100	0,0537
26,2200	0,0359
26,2300	0,0385
26,2400	0,0474
26,2500	0,0423
26,2600	0,0448
26,2700	0,0499
26,2800	0,0398
26,2900	0,0665
26,3000	0,0309
26,3100	0,0436
26,3200	0,0423
26,3300	0,0372
26,3400	0,0474
26,3500	0,0448
26,3600	0,0398
26,3700	0,0398
26,3800	0,0448
26,3900	0,0601
26,4000	0,0448
26,4100	0,0588
26,4200	0,0601
26,4300	0,0372
26,4400	0,0499
26,4500	0,0398
26,4600	0,0576
26,4700	0,0512
26,4800	0,0652
26,4900	0,0550
26,5000	0,0359
26,5100	0,0576
26,5200	0,0601
26,5300	0,0487
26,5400	0,0334
26,5500	0,0588
26,5600	0,0703
26,5700	0,0665
26,5800	0,0448
26,5900	0,0665
26,6000	0,0474
26,6100	0,0665
26,6200	0,0512
26,6300	0,0614
26,6400	0,0487
26,6500	0,0550
26,6600	0,0677
26,6700	0,0550
26,6800	0,0537
26,6900	0,0626
26,7000	0,0601
26,7100	0,0652
26,7200	0,0690
26,7300	0,0423
26,7400	0,0639
26,7500	0,0626
26,7600	0,0576
26,7700	0,0728
26,7800	0,0576
26,7900	0,0728
26,8000	0,0601
26,8100	0,0703
26,8200	0,0525
26,8300	0,0639
26,8400	0,0665
26,8500	0,0753
26,8600	0,0410
26,8700	0,0626
26,8800	0,0830
26,8900	0,0563
26,9000	0,0461
26,9100	0,0690
26,9200	0,0639
26,9300	0,0537
26,9400	0,0893
26,9500	0,0639
26,9600	0,0626
26,9700	0,0576
26,9800	0,0753
26,9900	0,0398
27,0000	0,0487
27,0100	0,0665
27,0200	0,0550
27,0300	0,0665
27,0400	0,0792
27,0500	0,0931
27,0600	0,0792
27,0700	0,0487
27,0800	0,0690
27,0900	0,0487
27,1000	0,0703
27,1100	0,0474
27,1200	0,0893
27,1300	0,0525
27,1400	0,0537
27,1500	0,0817
27,1600	0,0474
27,1700	0,0665
27,1800	0,0550
27,1900	0,0677
27,2000	0,0665
27,2100	0,0563
27,2200	0,0792
27,2300	0,0321
27,2400	0,0715
27,2500	0,0601
27,2600	0,0817
27,2700	0,0537
27,2800	0,0830
27,2900	0,0588
27,3000	0,0792
27,3100	0,0576
27,3200	0,0804
27,3300	0,0588
27,3400	0,0639
27,3500	0,0677
27,3600	0,0665
27,3700	0,0728
27,3800	0,0753
27,3900	0,0715
27,4000	0,0461
27,4100	0,0792
27,4200	0,0461
27,4300	0,0537
27,4400	0,0512
27,4500	0,0576
27,4600	0,0652
27,4700	0,0715
27,4800	0,0525
27,4900	0,0499
27,5000	0,0652
27,5100	0,0359
27,5200	0,0652
27,5300	0,0461
27,5400	0,0487
27,5500	0,0461
27,5600	0,0525
27,5700	0,0359
27,5800	0,0626
27,5900	0,0474
27,6000	0,0804
27,6100	0,0245
27,6200	0,0614
27,6300	0,0461
27,6400	0,0766
27,6500	0,0601
27,6600	0,0715
27,6700	0,0359
27,6800	0,0499
27,6900	0,0487
27,7000	0,0423
27,7100	0,0830
27,7200	0,0537
27,7300	0,0626
27,7400	0,0487
27,7500	0,0563
27,7600	0,0487
27,7700	0,0512
27,7800	0,0525
27,7900	0,0601
27,8000	0,0741
27,8100	0,0410
27,8200	0,0728
27,8300	0,0868
27,8400	0,0639
27,8500	0,0576
27,8600	0,0753
27,8700	0,0652
27,8800	0,0855
27,8900	0,0665
27,9000	0,0665
27,9100	0,0715
27,9200	0,0614
27,9300	0,0766
27,9400	0,0944
27,9500	0,0601
27,9600	0,0766
27,9700	0,0792
27,9800	0,0842
27,9900	0,0703
28,0000	0,0487
28,0100	0,0576
28,0200	0,0665
28,0300	0,0614
28,0400	0,0906
28,0500	0,0868
28,0600	0,0576
28,0700	0,0792
28,0800	0,0931
28,0900	0,0652
28,1000	0,0779
28,1100	0,0715
28,1200	0,0766
28,1300	0,0614
28,1400	0,0804
28,1500	0,0741
28,1600	0,0715
28,1700	0,0588
28,1800	0,0461
28,1900	0,0830
28,2000	0,0639
28,2100	0,0893
28,2200	0,0665
28,2300	0,0919
28,2400	0,0779
28,2500	0,0690
28,2600	0,0614
28,2700	0,0690
28,2800	0,0741
28,2900	0,0753
28,3000	0,0703
28,3100	0,0957
28,3200	0,0512
28,3300	0,0830
28,3400	0,0766
28,3500	0,0906
28,3600	0,0779
28,3700	0,0652
28,3800	0,0830
28,3900	0,0626
28,4000	0,0957
28,4100	0,0626
28,4200	0,0626
28,4300	0,0868
28,4400	0,0741
28,4500	0,0601
28,4600	0,0703
28,4700	0,0817
28,4800	0,0792
28,4900	0,0842
28,5000	0,0957
28,5100	0,0639
28,5200	0,0728
28,5300	0,0741
28,5400	0,0804
28,5500	0,0626
28,5600	0,0919
28,5700	0,0741
28,5800	0,0855
28,5900	0,0588
28,6000	0,0792
28,6100	0,0893
28,6200	0,0753
28,6300	0,0665
28,6400	0,0970
28,6500	0,0703
28,6600	0,0804
28,6700	0,0931
28,6800	0,0626
28,6900	0,0881
28,7000	0,0779
28,7100	0,0690
28,7200	0,0830
28,7300	0,0728
28,7400	0,0525
28,7500	0,0512
28,7600	0,1059
28,7700	0,0677
28,7800	0,0677
28,7900	0,0576
28,8000	0,0830
28,8100	0,0944
28,8200	0,0817
28,8300	0,0614
28,8400	0,0868
28,8500	0,0512
28,8600	0,0665
28,8700	0,0728
28,8800	0,0601
28,8900	0,0677
28,9000	0,0690
28,9100	0,0512
28,9200	0,0881
28,9300	0,0626
28,9400	0,0792
28,9500	0,0715
28,9600	0,0715
28,9700	0,0715
28,9800	0,0881
28,9900	0,0703
29,0000	0,0779
29,0100	0,0728
29,0200	0,0665
29,0300	0,0639
29,0400	0,0588
29,0500	0,0779
29,0600	0,0601
29,0700	0,0588
29,0800	0,0626
29,0900	0,0715
29,1000	0,0753
29,1100	0,0766
29,1200	0,0398
29,1300	0,0792
29,1400	0,0614
29,1500	0,0665
29,1600	0,0550
29,1700	0,0779
29,1800	0,0614
29,1900	0,0703
29,2000	0,0537
29,2100	0,0715
29,2200	0,0906
29,2300	0,0817
29,2400	0,0677
29,2500	0,0652
29,2600	0,0652
29,2700	0,0753
29,2800	0,0576
29,2900	0,0499
29,3000	0,0830
29,3100	0,0614
29,3200	0,0690
29,3300	0,0550
29,3400	0,0715
29,3500	0,0703
29,3600	0,0626
29,3700	0,0677
29,3800	0,0690
29,3900	0,0665
29,4000	0,0639
29,4100	0,0626
29,4200	0,0741
29,4300	0,0372
29,4400	0,0766
29,4500	0,0512
29,4600	0,0588
29,4700	0,0461
29,4800	0,0639
29,4900	0,0487
29,5000	0,0499
29,5100	0,0626
29,5200	0,0410
29,5300	0,0436
29,5400	0,0398
29,5500	0,0550
29,5600	0,0309
29,5700	0,0474
29,5800	0,0347
29,5900	0,0448
29,6000	0,0347
29,6100	0,0461
29,6200	0,0537
29,6300	0,0550
29,6400	0,0309
29,6500	0,0334
29,6600	0,0385
29,6700	0,0448
29,6800	0,0487
29,6900	0,0537
29,7000	0,0347
29,7100	0,0283
29,7200	0,0283
29,7300	0,0385
29,7400	0,0487
29,7500	0,0461
29,7600	0,0283
29,7700	0,0410
29,7800	0,0372
29,7900	0,0283
29,8000	0,0474
29,8100	0,0220
29,8200	0,0461
29,8300	0,0258
29,8400	0,0258
29,8500	0,0423
29,8600	0,0181
29,8700	0,0512
29,8800	0,0309
29,8900	0,0321
29,9000	0,0283
29,9100	0,0258
29,9200	0,0448
29,9300	0,0194
29,9400	0,0296
29,9500	0,0283
29,9600	0,0207
29,9700	0,0487
29,9800	0,0410
29,9900	0,0321
30,0000	0,0181
30,0100	0,0461
30,0200	0,0359
30,0300	0,0220
30,0400	0,0270
30,0500	0,0321
30,0600	0,0283
30,0700	0,0372
30,0800	0,0181
30,0900	0,0270
30,1000	0,0270
30,1100	0,0283
30,1200	0,0270
30,1300	0,0334
30,1400	0,0232
30,1500	0,0359
30,1600	0,0423
30,1700	0,0296
30,1800	0,0258
30,1900	0,0232
30,2000	0,0131
30,2100	0,0207
30,2200	0,0359
30,2300	0,0309
30,2400	0,0309
30,2500	0,0347
30,2600	0,0232
30,2700	0,0143
30,2800	0,0283
30,2900	0,0258
30,3000	0,0309
30,3100	0,0131
30,3200	0,0207
30,3300	0,0385
30,3400	0,0270
30,3500	0,0143
30,3600	0,0334
30,3700	0,0245
30,3800	0,0270
30,3900	0,0232
30,4000	0,0131
30,4100	0,0410
30,4200	0,0309
30,4300	0,0270
30,4400	0,0105
30,4500	0,0423
30,4600	0,0347
30,4700	0,0169
30,4800	0,0232
30,4900	0,0131
30,5000	0,0398
30,5100	0,0321
30,5200	0,0220
30,5300	0,0131
30,5400	0,0245
30,5500	0,0181
30,5600	0,0270
30,5700	0,0258
30,5800	0,0194
30,5900	0,0270
30,6000	0,0359
30,6100	0,0283
30,6200	0,0143
30,6300	0,0131
30,6400	0,0207
30,6500	0,0232
30,6600	0,0105
30,6700	0,0232
30,6800	0,0245
30,6900	0,0245
30,7000	0,0105
30,7100	0,0220
30,7200	0,0245
30,7300	0,0321
30,7400	0,0283
30,7500	0,0143
30,7600	0,0283
30,7700	0,0143
30,7800	0,0296
30,7900	0,0283
30,8000	0,0296
30,8100	0,0258
30,8200	0,0258
30,8300	0,0143
30,8400	0,0321
30,8500	0,0283
30,8600	0,0220
30,8700	0,0347
30,8800	0,0245
30,8900	0,0309
30,9000	0,0296
30,9100	0,0296
30,9200	0,0194
30,9300	0,0220
30,9400	0,0156
30,9500	0,0359
30,9600	0,0220
30,9700	0,0372
30,9800	0,0181
30,9900	0,0309
31,0000	0,0270
31,0100	0,0296
31,0200	0,0296
31,0300	0,0372
31,0400	0,0245
31,0500	0,0220
31,0600	0,0181
31,0700	0,0220
31,0800	0,0410
31,0900	0,0169
31,1000	0,0270
31,1100	0,0385
31,1200	0,0296
31,1300	0,0270
31,1400	0,0321
31,1500	0,0245
31,1600	0,0245
31,1700	0,0283
31,1800	0,0359
31,1900	0,0321
31,2000	0,0296
31,2100	0,0385
31,2200	0,0156
31,2300	0,0347
31,2400	0,0359
31,2500	0,0410
31,2600	0,0334
31,2700	0,0232
31,2800	0,0385
31,2900	0,0258
31,3000	0,0461
31,3100	0,0309
31,3200	0,0410
31,3300	0,0270
31,3400	0,0220
31,3500	0,0283
31,3600	0,0385
31,3700	0,0487
31,3800	0,0385
31,3900	0,0347
31,4000	0,0474
31,4100	0,0359
31,4200	0,0334
31,4300	0,0169
31,4400	0,0461
31,4500	0,0474
31,4600	0,0309
31,4700	0,0423
31,4800	0,0283
31,4900	0,0410
31,5000	0,0385
31,5100	0,0448
31,5200	0,0359
31,5300	0,0334
31,5400	0,0309
31,5500	0,0347
31,5600	0,0398
31,5700	0,0309
31,5800	0,0321
31,5900	0,0207
31,6000	0,0283
31,6100	0,0398
31,6200	0,0156
31,6300	0,0309
31,6400	0,0385
31,6500	0,0194
31,6600	0,0296
31,6700	0,0347
31,6800	0,0347
31,6900	0,0474
31,7000	0,0194
31,7100	0,0461
31,7200	0,0220
31,7300	0,0423
31,7400	0,0181
31,7500	0,0258
31,7600	0,0487
31,7700	0,0347
31,7800	0,0181
31,7900	0,0334
31,8000	0,0283
31,8100	0,0245
31,8200	0,0385
31,8300	0,0474
31,8400	0,0258
31,8500	0,0359
31,8600	0,0296
31,8700	0,0372
31,8800	0,0296
31,8900	0,0398
31,9000	0,0423
31,9100	0,0436
31,9200	0,0334
31,9300	0,0398
31,9400	0,0296
31,9500	0,0385
31,9600	0,0283
31,9700	0,0474
31,9800	0,0321
31,9900	0,0461
32,0000	0,0436
32,0100	0,0448
32,0200	0,0487
32,0300	0,0372
32,0400	0,0550
32,0500	0,0296
32,0600	0,0550
32,0700	0,0270
32,0800	0,0385
32,0900	0,0372
32,1000	0,0359
32,1100	0,0347
32,1200	0,0359
32,1300	0,0220
32,1400	0,0487
32,1500	0,0448
32,1600	0,0296
32,1700	0,0423
32,1800	0,0181
32,1900	0,0474
32,2000	0,0080
32,2100	0,0258
32,2200	0,0487
32,2300	0,0398
32,2400	0,0220
32,2500	0,0283
32,2600	0,0385
32,2700	0,0410
32,2800	0,0410
32,2900	0,0398
32,3000	0,0461
32,3100	0,0398
32,3200	0,0296
32,3300	0,0372
32,3400	0,0270
32,3500	0,0334
32,3600	0,0296
32,3700	0,0296
32,3800	0,0207
32,3900	0,0359
32,4000	0,0385
32,4100	0,0525
32,4200	0,0410
32,4300	0,0296
32,4400	0,0309
32,4500	0,0359
32,4600	0,0296
32,4700	0,0436
32,4800	0,0359
32,4900	0,0309
32,5000	0,0690
32,5100	0,0398
32,5200	0,0626
32,5300	0,0258
32,5400	0,0372
32,5500	0,0410
32,5600	0,0283
32,5700	0,0512
32,5800	0,0525
32,5900	0,0334
32,6000	0,0359
32,6100	0,0448
32,6200	0,0372
32,6300	0,0283
32,6400	0,0321
32,6500	0,0309
32,6600	0,0715
32,6700	0,0347
32,6800	0,0334
32,6900	0,0334
32,7000	0,0296
32,7100	0,0385
32,7200	0,0423
32,7300	0,0372
32,7400	0,0410
32,7500	0,0487
32,7600	0,0347
32,7700	0,0359
32,7800	0,0372
32,7900	0,0448
32,8000	0,0499
32,8100	0,0296
32,8200	0,0296
32,8300	0,0410
32,8400	0,0321
32,8500	0,0448
32,8600	0,0563
32,8700	0,0410
32,8800	0,0372
32,8900	0,0296
32,9000	0,0474
32,9100	0,0512
32,9200	0,0359
32,9300	0,0283
32,9400	0,0359
32,9500	0,0487
32,9600	0,0347
32,9700	0,0563
32,9800	0,0359
32,9900	0,0576
33,0000	0,0410
33,0100	0,0677
33,0200	0,0372
33,0300	0,0258
33,0400	0,0359
33,0500	0,0525
33,0600	0,0347
33,0700	0,0347
33,0800	0,0423
33,0900	0,0423
33,1000	0,0270
33,1100	0,0448
33,1200	0,0347
33,1300	0,0525
33,1400	0,0525
33,1500	0,0474
33,1600	0,0398
33,1700	0,0436
33,1800	0,0359
33,1900	0,0423
33,2000	0,0334
33,2100	0,0385
33,2200	0,0359
33,2300	0,0436
33,2400	0,0487
33,2500	0,0614
33,2600	0,0448
33,2700	0,0487
33,2800	0,0461
33,2900	0,0398
33,3000	0,0576
33,3100	0,0258
33,3200	0,0614
33,3300	0,0321
33,3400	0,0296
33,3500	0,0487
33,3600	0,0537
33,3700	0,0359
33,3800	0,0296
33,3900	0,0550
33,4000	0,0550
33,4100	0,0410
33,4200	0,0385
33,4300	0,0487
33,4400	0,0499
33,4500	0,0550
33,4600	0,0537
33,4700	0,0461
33,4800	0,0372
33,4900	0,0487
33,5000	0,0563
33,5100	0,0143
33,5200	0,0423
33,5300	0,0410
33,5400	0,0525
33,5500	0,0461
33,5600	0,0639
33,5700	0,0372
33,5800	0,0398
33,5900	0,0372
33,6000	0,0474
33,6100	0,0499
33,6200	0,0359
33,6300	0,0334
33,6400	0,0537
33,6500	0,0576
33,6600	0,0461
33,6700	0,0474
33,6800	0,0321
33,6900	0,0474
33,7000	0,0296
33,7100	0,0448
33,7200	0,0385
33,7300	0,0385
33,7400	0,0359
33,7500	0,0385
33,7600	0,0436
33,7700	0,0487
33,7800	0,0537
33,7900	0,0461
33,8000	0,0398
33,8100	0,0448
33,8200	0,0385
33,8300	0,0461
33,8400	0,0398
33,8500	0,0385
33,8600	0,0436
33,8700	0,0461
33,8800	0,0359
33,8900	0,0410
33,9000	0,0283
33,9100	0,0461
33,9200	0,0410
33,9300	0,0474
33,9400	0,0499
33,9500	0,0499
33,9600	0,0436
33,9700	0,0194
33,9800	0,0296
33,9900	0,0423
34,0000	0,0550
34,0100	0,0448
34,0200	0,0448
34,0300	0,0410
34,0400	0,0220
34,0500	0,0347
34,0600	0,0499
34,0700	0,0499
34,0800	0,0359
34,0900	0,0334
34,1000	0,0232
34,1100	0,0525
34,1200	0,0283
34,1300	0,0410
34,1400	0,0359
34,1500	0,0181
34,1600	0,0296
34,1700	0,0461
34,1800	0,0309
34,1900	0,0359
34,2000	0,0423
34,2100	0,0334
34,2200	0,0423
34,2300	0,0499
34,2400	0,0423
34,2500	0,0270
34,2600	0,0321
34,2700	0,0309
34,2800	0,0461
34,2900	0,0296
34,3000	0,0359
34,3100	0,0245
34,3200	0,0448
34,3300	0,0194
34,3400	0,0347
34,3500	0,0461
34,3600	0,0245
34,3700	0,0258
34,3800	0,0169
34,3900	0,0487
34,4000	0,0245
34,4100	0,0410
34,4200	0,0436
34,4300	0,0487
34,4400	0,0321
34,4500	0,0296
34,4600	0,0334
34,4700	0,0334
34,4800	0,0436
34,4900	0,0321
34,5000	0,0296
34,5100	0,0309
34,5200	0,0410
34,5300	0,0398
34,5400	0,0309
34,5500	0,0334
34,5600	0,0105
34,5700	0,0296
34,5800	0,0232
34,5900	0,0194
34,6000	0,0423
34,6100	0,0270
34,6200	0,0398
34,6300	0,0067
34,6400	0,0309
34,6500	0,0347
34,6600	0,0207
34,6700	0,0359
34,6800	0,0118
34,6900	0,0385
34,7000	0,0385
34,7100	0,0321
34,7200	0,0270
34,7300	0,0321
34,7400	0,0334
34,7500	0,0270
34,7600	0,0334
34,7700	0,0334
34,7800	0,0410
34,7900	0,0194
34,8000	0,0245
34,8100	0,0270
34,8200	0,0207
34,8300	0,0207
34,8400	0,0270
34,8500	0,0283
34,8600	0,0220
34,8700	0,0181
34,8800	0,0245
34,8900	0,0347
34,9000	0,0385
34,9100	0,0410
34,9200	0,0220
34,9300	0,0398
34,9400	0,0283
34,9500	0,0220
34,9600	0,0334
34,9700	0,0245
34,9800	0,0245
34,9900	0,0105
35,0000	0,0334
35,0100	0,0283
35,0200	0,0156
35,0300	0,0359
35,0400	0,0143
35,0500	0,0334
35,0600	0,0181
35,0700	0,0359
35,0800	0,0220
35,0900	0,0296
35,1000	0,0156
35,1100	0,0118
35,1200	0,0347
35,1300	0,0436
35,1400	0,0347
35,1500	0,0436
35,1600	0,0398
35,1700	0,0220
35,1800	0,0194
35,1900	0,0245
35,2000	0,0372
35,2100	0,0270
35,2200	0,0309
35,2300	0,0347
35,2400	0,0296
35,2500	0,0270
35,2600	0,0334
35,2700	0,0220
35,2800	0,0321
35,2900	0,0232
35,3000	0,0296
35,3100	0,0258
35,3200	0,0372
35,3300	0,0194
35,3400	0,0220
35,3500	0,0118
35,3600	0,0347
35,3700	0,0372
35,3800	0,0220
35,3900	0,0321
35,4000	0,0258
35,4100	0,0118
35,4200	0,0359
35,4300	0,0169
35,4400	0,0194
35,4500	0,0207
35,4600	0,0194
35,4700	0,0347
35,4800	0,0181
35,4900	0,0156
35,5000	0,0207
35,5100	0,0270
35,5200	0,0347
35,5300	0,0296
35,5400	0,0258
35,5500	0,0258
35,5600	0,0232
35,5700	0,0207
35,5800	0,0245
35,5900	0,0207
35,6000	0,0309
35,6100	0,0448
35,6200	0,0207
35,6300	0,0194
35,6400	0,0245
35,6500	0,0232
35,6600	0,0181
35,6700	0,0309
35,6800	0,0474
35,6900	0,0232
35,7000	0,0207
35,7100	0,0270
35,7200	0,0207
35,7300	0,0220
35,7400	0,0181
35,7500	0,0156
35,7600	0,0270
35,7700	0,0156
35,7800	0,0105
35,7900	0,0563
35,8000	0,0448
35,8100	0,0296
35,8200	0,0410
35,8300	0,0347
35,8400	0,0372
35,8500	0,0232
35,8600	0,0296
35,8700	0,0461
35,8800	0,0270
35,8900	0,0270
35,9000	0,0283
35,9100	0,0588
35,9200	0,0296
35,9300	0,0220
35,9400	0,0258
35,9500	0,0232
35,9600	0,0423
35,9700	0,0347
35,9800	0,0372
35,9900	0,0423
36,0000	0,0436
36,0100	0,0169
36,0200	0,0194
36,0300	0,0487
36,0400	0,0385
36,0500	0,0321
36,0600	0,0309
36,0700	0,0181
36,0800	0,0347
36,0900	0,0296
36,1000	0,0334
36,1100	0,0334
36,1200	0,0359
36,1300	0,0461
36,1400	0,0359
36,1500	0,0207
36,1600	0,0398
36,1700	0,0334
36,1800	0,0359
36,1900	0,0588
36,2000	0,0436
36,2100	0,0372
36,2200	0,0321
36,2300	0,0245
36,2400	0,0309
36,2500	0,0372
36,2600	0,0181
36,2700	0,0448
36,2800	0,0372
36,2900	0,0156
36,3000	0,0321
36,3100	0,0410
36,3200	0,0258
36,3300	0,0359
36,3400	0,0283
36,3500	0,0448
36,3600	0,0309
36,3700	0,0143
36,3800	0,0347
36,3900	0,0512
36,4000	0,0423
36,4100	0,0372
36,4200	0,0347
36,4300	0,0347
36,4400	0,0309
36,4500	0,0487
36,4600	0,0398
36,4700	0,0309
36,4800	0,0487
36,4900	0,0207
36,5000	0,0385
36,5100	0,0232
36,5200	0,0398
36,5300	0,0207
36,5400	0,0347
36,5500	0,0194
36,5600	0,0194
36,5700	0,0258
36,5800	0,0321
36,5900	0,0423
36,6000	0,0347
36,6100	0,0207
36,6200	0,0423
36,6300	0,0181
36,6400	0,0270
36,6500	0,0309
36,6600	0,0258
36,6700	0,0270
36,6800	0,0398
36,6900	0,0283
36,7000	0,0258
36,7100	0,0423
36,7200	0,0334
36,7300	0,0245
36,7400	0,0372
36,7500	0,0270
36,7600	0,0423
36,7700	0,0232
36,7800	0,0283
36,7900	0,0309
36,8000	0,0169
36,8100	0,0372
36,8200	0,0270
36,8300	0,0296
36,8400	0,0169
36,8500	0,0359
36,8600	0,0461
36,8700	0,0385
36,8800	0,0398
36,8900	0,0448
36,9000	0,0614
36,9100	0,0143
36,9200	0,0410
36,9300	0,0512
36,9400	0,0423
36,9500	0,0448
36,9600	0,0347
36,9700	0,0283
36,9800	0,0359
36,9900	0,0156
37,0000	0,0207
37,0100	0,0131
37,0200	0,0169
37,0300	0,0372
37,0400	0,0436
37,0500	0,0461
37,0600	0,0232
37,0700	0,0270
37,0800	0,0258
37,0900	0,0232
37,1000	0,0398
37,1100	0,0423
37,1200	0,0309
37,1300	0,0321
37,1400	0,0436
37,1500	0,0232
37,1600	0,0309
37,1700	0,0245
37,1800	0,0334
37,1900	0,0423
37,2000	0,0347
37,2100	0,0347
37,2200	0,0525
37,2300	0,0220
37,2400	0,0410
37,2500	0,0448
37,2600	0,0385
37,2700	0,0270
37,2800	0,0194
37,2900	0,0677
37,3000	0,0359
37,3100	0,0499
37,3200	0,0474
37,3300	0,0410
37,3400	0,0245
37,3500	0,0359
37,3600	0,0410
37,3700	0,0296
37,3800	0,0309
37,3900	0,0296
37,4000	0,0487
37,4100	0,0474
37,4200	0,0245
37,4300	0,0372
37,4400	0,0359
37,4500	0,0334
37,4600	0,0410
37,4700	0,0474
37,4800	0,0385
37,4900	0,0283
37,5000	0,0347
37,5100	0,0474
37,5200	0,0258
37,5300	0,0296
37,5400	0,0334
37,5500	0,0334
37,5600	0,0512
37,5700	0,0474
37,5800	0,0512
37,5900	0,0614
37,6000	0,0474
37,6100	0,0436
37,6200	0,0347
37,6300	0,0512
37,6400	0,0474
37,6500	0,0270
37,6600	0,0220
37,6700	0,0232
37,6800	0,0550
37,6900	0,0347
37,7000	0,0232
37,7100	0,0461
37,7200	0,0448
37,7300	0,0169
37,7400	0,0296
37,7500	0,0614
37,7600	0,0398
37,7700	0,0232
37,7800	0,0270
37,7900	0,0614
37,8000	0,0347
37,8100	0,0537
37,8200	0,0461
37,8300	0,0181
37,8400	0,0321
37,8500	0,0487
37,8600	0,0537
37,8700	0,0347
37,8800	0,0245
37,8900	0,0321
37,9000	0,0207
37,9100	0,0499
37,9200	0,0499
37,9300	0,0347
37,9400	0,0474
37,9500	0,0423
37,9600	0,0525
37,9700	0,0398
37,9800	0,0347
37,9900	0,0487
38,0000	0,0423
38,0100	0,0448
38,0200	0,0474
38,0300	0,0537
38,0400	0,0499
38,0500	0,0372
38,0600	0,0474
38,0700	0,0436
38,0800	0,0283
38,0900	0,0321
38,1000	0,0270
38,1100	0,0550
38,1200	0,0270
38,1300	0,0448
38,1400	0,0270
38,1500	0,0410
38,1600	0,0474
38,1700	0,0423
38,1800	0,0436
38,1900	0,0474
38,2000	0,0423
38,2100	0,0499
38,2200	0,0347
38,2300	0,0614
38,2400	0,0220
38,2500	0,0525
38,2600	0,0270
38,2700	0,0245
38,2800	0,0487
38,2900	0,0181
38,3000	0,0270
38,3100	0,0372
38,3200	0,0245
38,3300	0,0296
38,3400	0,0334
38,3500	0,0347
38,3600	0,0372
38,3700	0,0347
38,3800	0,0309
38,3900	0,0448
38,4000	0,0181
38,4100	0,0372
38,4200	0,0474
38,4300	0,0359
38,4400	0,0232
38,4500	0,0436
38,4600	0,0321
38,4700	0,0258
38,4800	0,0372
38,4900	0,0461
38,5000	0,0398
38,5100	0,0372
38,5200	0,0487
38,5300	0,0156
38,5400	0,0499
38,5500	0,0283
38,5600	0,0512
38,5700	0,0321
38,5800	0,0372
38,5900	0,0436
38,6000	0,0448
38,6100	0,0423
38,6200	0,0398
38,6300	0,0398
38,6400	0,0398
38,6500	0,0270
38,6600	0,0436
38,6700	0,0423
38,6800	0,0321
38,6900	0,0423
38,7000	0,0283
38,7100	0,0169
38,7200	0,0296
38,7300	0,0258
38,7400	0,0283
38,7500	0,0537
38,7600	0,0563
38,7700	0,0258
38,7800	0,0474
38,7900	0,0398
38,8000	0,0448
38,8100	0,0270
38,8200	0,0309
38,8300	0,0423
38,8400	0,0296
38,8500	0,0207
38,8600	0,0245
38,8700	0,0181
38,8800	0,0398
38,8900	0,0487
38,9000	0,0245
38,9100	0,0296
38,9200	0,0181
38,9300	0,0258
38,9400	0,0372
38,9500	0,0207
38,9600	0,0359
38,9700	0,0321
38,9800	0,0321
38,9900	0,0169
39,0000	0,0309
39,0100	0,0245
39,0200	0,0448
39,0300	0,0563
39,0400	0,0461
39,0500	0,0181
39,0600	0,0487
39,0700	0,0220
39,0800	0,0296
39,0900	0,0334
39,1000	0,0207
39,1100	0,0245
39,1200	0,0296
39,1300	0,0296
39,1400	0,0207
39,1500	0,0423
39,1600	0,0296
39,1700	0,0245
39,1800	0,0245
39,1900	0,0296
39,2000	0,0207
39,2100	0,0321
39,2200	0,0385
39,2300	0,0283
39,2400	0,0410
39,2500	0,0296
39,2600	0,0207
39,2700	0,0220
39,2800	0,0181
39,2900	0,0245
39,3000	0,0042
39,3100	0,0423
39,3200	0,0283
39,3300	0,0321
39,3400	0,0156
39,3500	0,0321
39,3600	0,0143
39,3700	0,0220
39,3800	0,0410
39,3900	0,0245
39,4000	0,0283
39,4100	0,0283
39,4200	0,0283
39,4300	0,0232
39,4400	0,0270
39,4500	0,0156
39,4600	0,0309
39,4700	0,0398
39,4800	0,0423
39,4900	0,0118
39,5000	0,0309
39,5100	0,0194
39,5200	0,0232
39,5300	0,0347
39,5400	0,0321
39,5500	0,0385
39,5600	0,0461
39,5700	0,0131
39,5800	0,0334
39,5900	0,0296
39,6000	0,0143
39,6100	0,0232
39,6200	0,0359
39,6300	0,0372
39,6400	0,0156
39,6500	0,0258
39,6600	0,0398
39,6700	0,0436
39,6800	0,0359
39,6900	0,0220
39,7000	0,0359
39,7100	0,0156
39,7200	0,0372
39,7300	0,0347
39,7400	0,0525
39,7500	0,0334
39,7600	0,0359
39,7700	0,0321
39,7800	0,0220
39,7900	0,0207
39,8000	0,0143
39,8100	0,0232
39,8200	0,0194
39,8300	0,0270
39,8400	0,0143
39,8500	0,0054
39,8600	0,0131
39,8700	0,0423
39,8800	0,0385
39,8900	0,0270
39,9000	0,0283
39,9100	0,0054
39,9200	0,0156
39,9300	0,0143
39,9400	0,0296
39,9500	0,0067
39,9600	0,0372
39,9700	0,0143
39,9800	0,0080
39,9900	0,0092
40,0000	0,0054
40,0100	0,0016
40,0200	0,0169
40,0300	0,0220
40,0400	0,0169
40,0500	0,0296
40,0600	0,0309
40,0700	0,0232
40,0800	0,0283
40,0900	0,0245
40,1000	0,0385
40,1100	0,0309
40,1200	0,0054
40,1300	0,0321
40,1400	0,0270
40,1500	0,0359
40,1600	0,0181
40,1700	0,0080
40,1800	0,0232
40,1900	0,0372
40,2000	0,0080
40,2100	0,0359
40,2200	0,0385
40,2300	0,0334
40,2400	0,0309
40,2500	0,0309
40,2600	0,0270
40,2700	0,0105
40,2800	0,0448
40,2900	0,0283
40,3000	0,0232
40,3100	0,0347
40,3200	0,0321
40,3300	0,0105
40,3400	0,0080
40,3500	0,0461
40,3600	0,0283
40,3700	0,0194
40,3800	0,0207
40,3900	0,0245
40,4000	0,0359
40,4100	0,0258
40,4200	0,0092
40,4300	0,0220
40,4400	0,0131
40,4500	0,0232
40,4600	0,0207
40,4700	0,0080
40,4800	0,0232
40,4900	0,0232
40,5000	0,0105
40,5100	0,0309
40,5200	0,0207
40,5300	0,0309
40,5400	0,0207
40,5500	0,0321
40,5600	0,0283
40,5700	0,0232
40,5800	0,0207
40,5900	0,0092
40,6000	0,0334
40,6100	0,0232
40,6200	0,0398
40,6300	0,0118
40,6400	0,0207
40,6500	0,0309
40,6600	0,0372
40,6700	0,0042
40,6800	0,0054
40,6900	0,0347
40,7000	0,0398
40,7100	0,0181
40,7200	0,0067
40,7300	0,0296
40,7400	0,0156
40,7500	0,0016
40,7600	0,0194
40,7700	0,0029
40,7800	0,0232
40,7900	0,0321
40,8000	0,0436
40,8100	0,0359
40,8200	0,0232
40,8300	0,0232
40,8400	0,0105
40,8500	0,0105
40,8600	0,0423
40,8700	0,0054
40,8800	0,0143
40,8900	0,0232
40,9000	0,0232
40,9100	0,0359
40,9200	0,0321
40,9300	0,0220
40,9400	-0,0022
40,9500	0,0487
40,9600	0,0270
40,9700	0,0525
40,9800	0,0283
40,9900	0,0321
41,0000	0,0220
41,0100	0,0232
41,0200	0,0194
41,0300	0,0461
41,0400	0,0334
41,0500	0,0309
41,0600	0,0321
41,0700	0,0003
41,0800	0,0398
41,0900	0,0487
41,1000	0,0309
41,1100	0,0474
41,1200	0,0321
41,1300	0,0487
41,1400	0,0372
41,1500	0,0283
41,1600	0,0321
41,1700	0,0321
41,1800	-0,0022
41,1900	0,0410
41,2000	0,0245
41,2100	0,0385
41,2200	0,0359
41,2300	0,0194
41,2400	0,0296
41,2500	0,0181
41,2600	0,0321
41,2700	0,0461
41,2800	0,0270
41,2900	0,0436
41,3000	0,0410
41,3100	0,0118
41,3200	0,0181
41,3300	0,0169
41,3400	0,0398
41,3500	0,0436
41,3600	0,0105
41,3700	0,0398
41,3800	0,0309
41,3900	0,0156
41,4000	0,0359
41,4100	0,0067
41,4200	0,0232
41,4300	0,0258
41,4400	-0,0035
41,4500	0,0258
41,4600	0,0270
41,4700	0,0131
41,4800	0,0258
41,4900	0,0398
41,5000	-0,0035
41,5100	0,0220
41,5200	0,0258
41,5300	0,0436
41,5400	0,0258
41,5500	0,0207
41,5600	0,0398
41,5700	0,0181
41,5800	0,0334
41,5900	0,0537
41,6000	0,0245
41,6100	0,0385
41,6200	0,0385
41,6300	0,0080
41,6400	0,0207
41,6500	0,0245
41,6600	0,0118
41,6700	0,0245
41,6800	0,0436
41,6900	0,0232
41,7000	0,0359
41,7100	0,0067
41,7200	0,0105
41,7300	0,0563
41,7400	0,0067
41,7500	0,0169
41,7600	0,0169
41,7700	0,0194
41,7800	0,0436
41,7900	0,0385
41,8000	0,0448
41,8100	0,0359
41,8200	0,0347
41,8300	0,0296
41,8400	0,0385
41,8500	0,0423
41,8600	0,0410
41,8700	0,0245
41,8800	0,0309
41,8900	0,0080
41,9000	0,0296
41,9100	0,0334
41,9200	0,0309
41,9300	-0,0022
41,9400	0,0131
41,9500	0,0067
41,9600	0,0220
41,9700	0,0461
41,9800	0,0143
41,9900	0,0398
42,0000	0,0410
42,0100	0,0347
42,0200	0,0410
42,0300	0,0118
42,0400	0,0067
42,0500	0,0398
42,0600	0,0461
42,0700	0,0461
42,0800	0,0359
42,0900	0,0245
42,1000	0,0461
42,1100	0,0156
42,1200	0,0525
42,1300	0,0169
42,1400	0,0220
42,1500	0,0181
42,1600	0,0576
42,1700	0,0474
42,1800	0,0118
42,1900	0,0143
42,2000	0,0499
42,2100	0,0423
42,2200	0,0487
42,2300	0,0207
42,2400	0,0092
42,2500	0,0474
42,2600	0,0372
42,2700	0,0156
42,2800	0,0143
42,2900	0,0080
42,3000	0,0258
42,3100	0,0105
42,3200	0,0398
42,3300	0,0423
42,3400	0,0309
42,3500	0,0372
42,3600	0,0169
42,3700	0,0309
42,3800	0,0169
42,3900	0,0359
42,4000	0,0181
42,4100	0,0194
42,4200	0,0588
42,4300	0,0512
42,4400	0,0156
42,4500	0,0576
42,4600	0,0398
42,4700	0,0423
42,4800	0,0525
42,4900	0,0321
42,5000	0,0296
42,5100	0,0321
42,5200	0,0067
42,5300	0,0270
42,5400	0,0461
42,5500	0,0423
42,5600	0,0194
42,5700	0,0232
42,5800	0,0207
42,5900	0,0461
42,6000	0,0296
42,6100	0,0309
42,6200	0,0512
42,6300	0,0309
42,6400	0,0270
42,6500	0,0499
42,6600	0,0334
42,6700	0,0245
42,6800	0,0423
42,6900	0,0143
42,7000	0,0372
42,7100	0,0398
42,7200	0,0321
42,7300	0,0550
42,7400	0,0220
42,7500	0,0461
42,7600	0,0118
42,7700	0,0474
42,7800	0,0512
42,7900	0,0461
42,8000	0,0194
42,8100	0,0080
42,8200	0,0347
42,8300	0,0372
42,8400	0,0232
42,8500	0,0576
42,8600	0,0321
42,8700	0,0487
42,8800	0,0423
42,8900	0,0258
42,9000	0,0321
42,9100	0,0309
42,9200	0,0156
42,9300	0,0347
42,9400	0,0461
42,9500	0,0232
42,9600	0,0436
42,9700	0,0207
42,9800	0,0550
42,9900	0,0067
43,0000	0,0156
43,0100	0,0487
43,0200	0,0181
43,0300	0,0436
43,0400	0,0029
43,0500	0,0385
43,0600	0,0067
43,0700	0,0321
43,0800	0,0321
43,0900	0,0423
43,1000	0,0258
43,1100	0,0105
43,1200	0,0143
43,1300	0,0220
43,1400	0,0321
43,1500	0,0080
43,1600	0,0283
43,1700	0,0347
43,1800	-0,0009
43,1900	0,0372
43,2000	0,0054
43,2100	0,0207
43,2200	0,0423
43,2300	0,0105
43,2400	0,0169
43,2500	0,0156
43,2600	0,0334
43,2700	0,0016
43,2800	0,0181
43,2900	0,0156
43,3000	0,0474
43,3100	0,0283
43,3200	0,0105
43,3300	0,0512
43,3400	0,0092
43,3500	0,0359
43,3600	0,0169
43,3700	0,0270
43,3800	0,0436
43,3900	0,0321
43,4000	0,0321
43,4100	0,0156
43,4200	0,0423
43,4300	0,0385
43,4400	0,0181
43,4500	0,0220
43,4600	0,0423
43,4700	0,0080
43,4800	0,0181
43,4900	0,0118
43,5000	0,0118
43,5100	0,0487
43,5200	0,0283
43,5300	0,0296
43,5400	-0,0009
43,5500	0,0347
43,5600	0,0359
43,5700	0,0245
43,5800	0,0207
43,5900	0,0398
43,6000	0,0029
43,6100	0,0359
43,6200	-0,0035
43,6300	0,0131
43,6400	0,0436
43,6500	0,0385
43,6600	0,0245
43,6700	0,0385
43,6800	0,0143
43,6900	0,0372
43,7000	0,0092
43,7100	0,0410
43,7200	0,0385
43,7300	0,0220
43,7400	0,0131
43,7500	0,0270
43,7600	0,0283
43,7700	0,0118
43,7800	0,0283
43,7900	0,0118
43,8000	0,0270
43,8100	0,0220
43,8200	0,0207
43,8300	0,0436
43,8400	0,0080
43,8500	0,0105
43,8600	0,0092
43,8700	0,0016
43,8800	0,0207
43,8900	0,0499
43,9000	0,0003
43,9100	0,0169
43,9200	0,0245
43,9300	0,0258
43,9400	0,0321
43,9500	0,0309
43,9600	0,0372
43,9700	0,0232
43,9800	0,0347
43,9900	0,0207
44,0000	0,0143
44,0100	0,0232
44,0200	0,0169
44,0300	0,0042
44,0400	0,0156
44,0500	0,0156
44,0600	0,0003
44,0700	0,0309
44,0800	0,0029
44,0900	0,0054
44,1000	0,0487
44,1100	0,0169
44,1200	0,0385
44,1300	0,0181
44,1400	0,0105
44,1500	0,0118
44,1600	0,0258
44,1700	0,0092
44,1800	0,0016
44,1900	0,0309
44,2000	0,0092
44,2100	0,0410
44,2200	0,0092
44,2300	0,0080
44,2400	0,0067
44,2500	0,0423
44,2600	0,0131
44,2700	0,0296
44,2800	0,0118
44,2900	0,0245
44,3000	0,0003
44,3100	0,0169
44,3200	0,0118
44,3300	0,0499
44,3400	0,0487
44,3500	0,0321
44,3600	0,0309
44,3700	0,0487
44,3800	0,0385
44,3900	0,0181
44,4000	0,0474
44,4100	0,0334
44,4200	0,0169
44,4300	0,0169
44,4400	0,0054
44,4500	0,0042
44,4600	0,0258
44,4700	0,0181
44,4800	0,0118
44,4900	0,0194
44,5000	0,0131
44,5100	0,0080
44,5200	0,0232
44,5300	0,0042
44,5400	0,0105
44,5500	0,0372
44,5600	0,0410
44,5700	0,0092
44,5800	0,0245
44,5900	0,0398
44,6000	0,0410
44,6100	0,0105
44,6200	0,0220
44,6300	0,0194
44,6400	0,0309
44,6500	0,0385
44,6600	0,0131
44,6700	0,0080
44,6800	0,0156
44,6900	0,0270
44,7000	0,0321
44,7100	-0,0009
44,7200	0,0220
44,7300	-0,0060
44,7400	0,0232
44,7500	0,0436
44,7600	0,0029
44,7700	0,0042
44,7800	0,0067
44,7900	0,0105
44,8000	0,0296
44,8100	0,0385
44,8200	0,0398
44,8300	0,0372
44,8400	0,0258
44,8500	0,0359
44,8600	0,0359
44,8700	0,0194
44,8800	0,0372
44,8900	0,0232
44,9000	-0,0022
44,9100	0,0334
44,9200	0,0003
44,9300	0,0181
44,9400	0,0232
44,9500	0,0359
44,9600	0,0372
44,9700	0,0092
44,9800	0,0181
44,9900	0,0296
45,0000	0,0270
