Crystal angle	Rate at 35kV
theta/°	R(35kV)/Imp/s

4,0	63,0
4,1	56,0
4,2	68,0
4,3	59,0
4,4	63,0
4,5	70,0
4,6	62,0
4,7	74,0
4,8	88,0
4,9	71,0
5,0	60,0
5,1	57,0
5,2	71,0
5,3	70,0
5,4	59,0
5,5	52,0
5,6	55,0
5,7	54,0
5,8	46,0
5,9	45,0
6,0	46,0
6,1	44,0
6,2	34,0
6,3	45,0
6,4	34,0
6,5	37,0
6,6	35,0
6,7	26,0
6,8	32,0
6,9	24,0
7,0	25,0
7,1	0,0
7,2	28,0
7,3	24,0
7,4	30,0
7,5	26,0
7,6	23,0
7,7	20,0
7,8	24,0
7,9	24,0
8,0	21,0
8,1	27,0
8,2	31,0
8,3	24,0
8,4	28,0
8,5	28,0
8,6	27,0
8,7	35,0
8,8	27,0
8,9	30,0
9,0	32,0
9,1	0,0
9,2	31,0
9,3	38,0
9,4	36,0
9,5	34,0
9,6	40,0
9,7	31,0
9,8	27,0
9,9	31,0
10,0	27,0
10,1	29,0
10,2	31,0
10,3	27,0
10,4	31,0
10,5	30,0
10,6	33,0
10,7	28,0
10,8	37,0
10,9	32,0
11,0	28,0
11,1	33,0
11,2	31,0
11,3	25,0
11,4	27,0
11,5	27,0
11,6	28,0
11,7	38,0
11,8	34,0
11,9	25,0
12,0	34,0
12,1	31,0
12,2	38,0
12,3	33,0
12,4	36,0
12,5	35,0
12,6	42,0
12,7	39,0
12,8	36,0
12,9	28,0
13,0	46,0
13,1	37,0
13,2	37,0
13,3	35,0
13,4	46,0
13,5	40,0
13,6	39,0
13,7	39,0
13,8	36,0
13,9	32,0
14,0	44,0
14,1	48,0
14,2	63,0
14,3	62,0
14,4	84,0
14,5	78,0
14,6	109,0
14,7	161,0
14,8	260,0
14,9	325,0
15,0	186,0
15,1	49,0
15,2	55,0
15,3	51,0
15,4	57,0
15,5	62,0
15,6	72,0
15,7	96,0
15,8	133,0
15,9	192,0
16,0	265,0
16,1	356,0
16,2	494,0
16,3	673,0
16,4	1180,0
16,5	1199,0
16,6	178,0
16,7	46,0
16,8	34,0
16,9	37,0
17,0	30,0
17,1	40,0
17,2	34,0
17,3	42,0
17,4	26,0
17,5	35,0
17,6	35,0
17,7	35,0
17,8	27,0
17,9	24,0
18,0	25,0
18,1	29,0
18,2	27,0
18,3	26,0
18,4	22,0
18,5	19,0
18,6	19,0
18,7	23,0
18,8	22,0
18,9	24,0
19,0	23,0
19,1	22,0
19,2	23,0
19,3	24,0
19,4	24,0
19,5	20,0
19,6	19,0
19,7	18,0
19,8	23,0
19,9	22,0
20,0	24,0
20,1	16,0
20,2	18,0
20,3	17,0
20,4	16,0
20,5	16,0
20,6	21,0
20,7	22,0
20,8	19,0
20,9	18,0
21,0	16,0
21,1	18,0
21,2	19,0
21,3	16,0
21,4	20,0
21,5	16,0
21,6	15,0
21,7	16,0
21,8	13,0
21,9	16,0
22,0	10,0
22,1	10,0
22,2	15,0
22,3	17,0
22,4	18,0
22,5	11,0
22,6	16,0
22,7	14,0
22,8	12,0
22,9	8,0
23,0	15,0
23,1	11,0
23,2	17,0
23,3	15,0
23,4	14,0
23,5	13,0
23,6	16,0
23,7	12,0
23,8	21,0
23,9	16,0
24,0	15,0
24,1	10,0
24,2	16,0
24,3	9,0
24,4	6,0
24,5	13,0
24,6	13,0
24,7	16,0
24,8	10,0
24,9	17,0
25,0	14,0
25,1	14,0
25,2	12,0
25,3	11,0
25,4	17,0
25,5	9,0
25,6	10,0
25,7	14,0
25,8	12,0
25,9	10,0
26,0	9,0
26,1	10,0
26,2	10,0
26,3	7,0
26,4	13,0
26,5	14,0
26,6	7,0
26,7	11,0
26,8	10,0
26,9	16,0
27,0	10,0
27,1	11,0
27,2	9,0
27,3	7,0
27,4	13,0
27,5	13,0
27,6	11,0
27,7	9,0
27,8	9,0
27,9	7,0
28,0	9,0
28,1	12,0
28,2	9,0
28,3	7,0
28,4	6,0
28,5	6,0
28,6	12,0
28,7	10,0
28,8	12,0
28,9	13,0
29,0	14,0
29,1	7,0
29,2	14,0
29,3	0,0
29,4	9,0
29,5	17,0
29,6	15,0
29,7	16,0
29,8	22,0
29,9	36,0
30,0	64,0
30,1	55,0
30,2	22,0
30,3	13,0
30,4	8,0
30,5	14,0
30,6	10,0
30,7	9,0
30,8	10,0
30,9	9,0
31,0	11,0
31,1	10,0
31,2	9,0
31,3	9,0
31,4	5,0
31,5	5,0
31,6	6,0
31,7	8,0
31,8	7,0
31,9	9,0
32,0	4,0
32,1	11,0
32,2	8,0
32,3	8,0
32,4	10,0
32,5	9,0
32,6	11,0
32,7	15,0
32,8	13,0
32,9	11,0
33,0	17,0
33,1	26,0
33,2	39,0
33,3	51,0
33,4	106,0
33,5	150,0
33,6	272,0
33,7	84,0
33,8	28,0
33,9	9,0
34,0	9,0
34,1	7,0
34,2	6,0
34,3	10,0
34,4	7,0
34,5	6,0
34,6	8,0
34,7	6,0
34,8	8,0
34,9	10,0
35,0	7,0
35,1	7,0
35,2	8,0
35,3	11,0
35,4	6,0
35,5	8,0
35,6	9,0
35,7	9,0
35,8	8,0
35,9	6,0
36,0	5,0
36,1	8,0
36,2	5,0
36,3	7,0
36,4	7,0
36,5	8,0
36,6	9,0
36,7	4,0
36,8	6,0
36,9	9,0
37,0	7,0
37,1	9,0
37,2	6,0
37,3	5,0
37,4	7,0
37,5	7,0
37,6	4,0
37,7	9,0
37,8	4,0
37,9	6,0
38,0	8,0
38,1	5,0
38,2	5,0
38,3	5,0
38,4	8,0
38,5	1,0
38,6	10,0
38,7	5,0
38,8	5,0
38,9	6,0
39,0	8,0
39,1	4,0
39,2	6,0
39,3	3,0
39,4	6,0
39,5	5,0
39,6	6,0
39,7	6,0
39,8	3,0
39,9	5,0
40,0	7,0
40,1	6,0
40,2	6,0
40,3	8,0
40,4	4,0
40,5	8,0
40,6	5,0
40,7	6,0
40,8	6,0
40,9	5,0
41,0	5,0
41,1	1,0
41,2	2,0
41,3	7,0
41,4	5,0
41,5	7,0
41,6	5,0
41,7	7,0
41,8	6,0
41,9	7,0
42,0	6,0
42,1	5,0
42,2	4,0
42,3	4,0
42,4	7,0
42,5	4,0
42,6	3,0
42,7	4,0
42,8	5,0
42,9	5,0
43,0	6,0
43,1	6,0
43,2	4,0
43,3	4,0
43,4	3,0
43,5	4,0
43,6	5,0
43,7	5,0
43,8	4,0
43,9	5,0
44,0	6,0
44,1	3,0
44,2	4,0
44,3	4,0
44,4	3,0
44,5	3,0
44,6	7,0
44,7	5,0
44,8	4,0
44,9	4,0
45,0	7,0
45,1	3,0
45,2	5,0
45,3	5,0
45,4	4,0
45,5	6,0
45,6	7,0
45,7	6,0
45,8	2,0
45,9	3,0
46,0	4,0
46,1	5,0
46,2	5,0
46,3	4,0
46,4	7,0
46,5	4,0
46,6	4,0
46,7	3,0
46,8	5,0
46,9	3,0
47,0	2,0
47,1	5,0
47,2	4,0
47,3	3,0
47,4	5,0
47,5	5,0
47,6	7,0
47,7	5,0
47,8	3,0
47,9	9,0
48,0	9,0
48,1	7,0
48,2	20,0
48,3	14,0
48,4	4,0
48,5	4,0
48,6	5,0
48,7	4,0
48,8	4,0
48,9	9,0
49,0	8,0
49,1	4,0
49,2	4,0
49,3	0,0
49,4	5,0
49,5	7,0
49,6	7,0
49,7	6,0
49,8	8,0
49,9	5,0
50,0	2,0
50,1	5,0
50,2	3,0
50,3	4,0
50,4	6,0
50,5	2,0
50,6	6,0
50,7	5,0
50,8	4,0
50,9	6,0
51,0	2,0
51,1	2,0
51,2	5,0
51,3	5,0
51,4	4,0
51,5	4,0
51,6	5,0
51,7	7,0
51,8	6,0
51,9	6,0
52,0	6,0
52,1	3,0
52,2	3,0
52,3	5,0
52,4	5,0
52,5	4,0
52,6	7,0
52,7	4,0
52,8	9,0
52,9	4,0
53,0	4,0
53,1	5,0
53,2	6,0
53,3	3,0
53,4	6,0
53,5	4,0
53,6	8,0
53,7	5,0
53,8	3,0
53,9	8,0
54,0	4,0
54,1	7,0
54,2	4,0
54,3	9,0
54,4	5,0
54,5	8,0
54,6	12,0
54,7	6,0
54,8	9,0
54,9	7,0
55,0	10,0
