0,0000	1,3048
0,1000	0,3856
0,2000	-0,1777
0,3000	0,0131
0,4000	-0,0136
0,5000	0,0448
0,6000	0,0156
0,7000	0,0181
0,8000	0,0169
0,9000	0,0169
1,0000	0,0181
1,1000	0,0156
1,2000	0,0232
1,3000	0,0143
1,4000	0,0220
1,5000	0,0131
1,6000	0,0194
1,7000	0,0207
1,8000	0,0194
1,9000	0,0220
2,0000	0,0283
2,1000	0,0207
2,2000	0,0258
2,3000	0,0181
2,4000	0,0270
2,5000	0,0207
2,6000	0,0143
2,7000	0,0245
2,8000	0,0169
2,9000	0,0283
3,0000	0,0194
3,1000	0,0207
3,2000	0,0194
3,3000	0,0270
3,4000	10,6036
3,5000	5,3363
3,6000	7,1035
3,7000	6,8963
3,8000	6,2453
3,9000	6,4831
4,0000	6,5492
4,1000	6,4627
4,2000	6,1373
4,3000	6,0254
4,4000	6,2530
4,5000	6,4958
4,6000	6,1500
4,7000	5,8627
4,8000	5,8652
4,9000	5,6554
5,0000	5,8347
5,1000	6,0305
5,2000	5,9631
5,3000	5,8703
5,4000	5,8728
5,5000	5,7050
5,6000	5,5168
5,7000	5,8487
5,8000	5,4622
5,9000	5,3935
6,0000	5,6376
6,1000	5,5512
6,2000	5,3961
6,3000	5,3706
6,4000	5,2689
6,5000	5,5982
6,6000	5,4215
6,7000	5,4444
6,8000	5,2473
6,9000	5,2308
7,0000	5,2829
7,1000	5,2600
7,2000	5,4291
7,3000	4,7655
7,4000	5,4558
7,5000	5,0757
7,6000	5,1469
7,7000	5,3566
7,8000	4,9625
7,9000	4,9104
8,0000	5,3401
8,1000	4,8456
8,2000	5,3172
8,3000	4,6790
8,4000	5,0185
8,5000	4,9409
8,6000	5,0146
8,7000	4,7985
8,8000	4,9155
8,9000	4,9040
9,0000	4,7896
9,1000	5,1774
9,2000	4,9867
9,3000	4,4451
9,4000	4,7553
9,5000	4,9816
9,6000	4,8901
9,7000	4,8417
9,8000	4,6294
9,9000	4,8595
10,0000	4,5290
10,1000	4,8252
10,2000	5,0922
10,3000	4,7527
10,4000	4,9778
10,5000	4,5061
10,6000	4,7159
10,7000	4,8036
10,8000	4,5506
10,9000	4,7566
11,0000	4,5900
11,1000	4,6790
11,2000	4,8303
11,3000	4,3904
11,4000	4,4730
11,5000	4,7883
11,6000	4,4959
11,7000	4,4807
11,8000	4,6116
11,9000	4,5481
12,0000	4,1781
12,1000	4,7426
12,2000	4,5239
12,3000	3,9937
12,4000	4,5353
12,5000	4,4120
12,6000	4,4883
12,7000	4,6192
12,8000	4,2607
12,9000	4,3688
13,0000	4,2149
13,1000	4,5328
13,2000	4,3205
13,3000	4,3179
13,4000	4,3281
13,5000	4,2353
13,6000	4,1298
13,7000	4,5722
13,8000	4,0624
13,9000	4,1654
14,0000	4,1628
14,1000	4,4057
14,2000	4,1832
14,3000	4,0548
14,4000	4,0802
14,5000	4,1361
14,6000	4,2671
14,7000	4,3777
14,8000	4,0179
14,9000	4,0509
15,0000	4,0891
15,1000	4,1145
15,2000	4,5798
15,3000	3,8907
15,4000	3,8386
15,5000	4,1883
15,6000	4,1221
15,7000	4,2302
15,8000	3,6708
15,9000	4,1654
16,0000	4,1997
16,1000	4,1539
16,2000	4,2378
16,3000	3,9403
16,4000	3,9721
16,5000	4,0700
16,6000	4,0064
16,7000	3,9747
16,8000	3,9734
16,9000	4,0306
17,0000	3,8602
17,1000	4,0344
17,2000	4,0548
17,3000	3,8424
17,4000	3,9174
17,5000	3,9085
17,6000	3,9124
17,7000	3,9772
17,8000	4,0026
17,9000	4,0916
18,0000	3,8907
18,1000	3,9823
18,2000	4,1158
18,3000	3,7814
18,4000	3,8679
18,5000	3,7712
18,6000	3,9785
18,7000	4,1018
18,8000	3,6581
18,9000	3,8691
19,0000	3,8869
19,1000	3,8780
19,2000	3,8628
19,3000	3,7712
19,4000	3,5767
19,5000	3,9251
19,6000	3,9454
19,7000	3,8488
19,8000	3,7153
19,9000	3,6950
20,0000	3,8246
20,1000	3,8297
20,2000	3,6517
20,3000	3,6568
20,4000	3,8081
20,5000	3,7051
20,6000	3,7293
20,7000	3,8539
20,8000	3,4712
20,9000	3,7484
21,0000	3,6161
21,1000	3,7649
21,2000	3,6517
21,3000	3,5386
21,4000	3,5182
21,5000	3,6759
21,6000	3,6454
21,7000	3,8297
21,8000	3,6492
21,9000	3,5373
22,0000	3,5284
22,1000	3,5742
22,2000	3,6009
22,3000	3,3708
22,4000	3,5615
22,5000	3,6454
22,6000	3,6428
22,7000	3,9848
22,8000	3,4420
22,9000	3,6390
23,0000	3,8641
23,1000	3,6644
23,2000	3,7140
23,3000	3,3199
23,4000	3,7344
23,5000	3,6199
23,6000	3,6683
23,7000	3,8564
23,8000	3,4076
23,9000	3,4712
24,0000	3,8119
24,1000	3,8628
24,2000	3,7916
24,3000	3,4674
24,4000	3,7763
24,5000	3,7267
24,6000	3,7941
24,7000	3,7102
24,8000	3,5869
24,9000	3,5017
25,0000	3,6225
25,1000	3,7026
25,2000	3,5551
25,3000	3,5487
25,4000	3,3669
25,5000	3,5284
25,6000	3,5983
25,7000	3,6670
25,8000	3,4725
25,9000	3,8386
26,0000	3,5996
26,1000	3,5754
26,2000	3,5538
26,3000	3,5678
26,4000	3,5297
26,5000	3,5119
26,6000	3,4445
26,7000	3,5615
26,8000	3,4585
26,9000	3,5348
27,0000	3,5348
27,1000	3,4153
27,2000	3,5780
27,3000	3,3212
27,4000	3,6238
27,5000	3,5704
27,6000	3,2220
27,7000	3,7420
27,8000	3,0936
27,9000	3,5704
28,0000	3,4776
28,1000	3,6276
28,2000	3,7255
28,3000	3,2487
28,4000	3,2144
28,5000	3,3530
28,6000	3,5869
28,7000	3,6784
28,8000	3,2932
28,9000	3,4814
29,0000	3,5475
29,1000	3,3797
29,2000	3,4000
29,3000	3,2894
29,4000	3,3720
29,5000	3,4280
29,6000	3,5437
29,7000	3,3250
29,8000	3,4763
29,9000	3,3313
30,0000	3,5513
30,1000	3,3008
30,2000	3,5856
30,3000	3,1915
30,4000	3,5144
30,5000	3,4432
30,6000	3,3352
30,7000	3,4114
30,8000	3,3390
30,9000	3,3212
31,0000	3,5589
31,1000	3,3148
31,2000	3,5043
31,3000	3,2805
31,4000	3,4470
31,5000	3,6110
31,6000	3,4521
31,7000	3,4941
31,8000	3,3034
31,9000	3,4267
32,0000	3,3288
32,1000	3,4610
32,2000	3,4280
32,3000	3,2843
32,4000	3,5043
32,5000	3,5271
32,6000	3,4585
32,7000	3,5170
32,8000	3,2309
32,9000	3,2996
33,0000	3,4153
33,1000	3,3301
33,2000	3,6098
33,3000	3,3313
33,4000	3,1877
33,5000	3,4623
33,6000	3,4725
33,7000	3,3797
33,8000	3,4420
33,9000	3,3097
34,0000	3,5081
34,1000	3,4470
34,2000	3,4598
34,3000	3,2474
34,4000	3,3237
34,5000	3,3822
34,6000	3,3542
34,7000	3,2195
34,8000	3,2220
34,9000	3,2385
35,0000	3,2792
35,1000	3,3771
35,2000	3,1394
35,3000	3,2436
35,4000	3,2589
35,5000	3,1813
35,6000	3,3034
35,7000	3,6212
35,8000	3,2449
35,9000	2,8953
36,0000	3,3809
36,1000	3,3135
36,2000	3,3390
36,3000	3,3708
36,4000	3,1432
36,5000	3,2576
36,6000	3,3491
36,7000	3,2932
36,8000	3,3517
36,9000	3,1317
37,0000	3,2423
37,1000	3,2551
37,2000	3,4381
37,3000	3,1406
37,4000	3,2945
37,5000	3,2716
37,6000	3,2347
37,7000	3,4013
37,8000	3,2029
37,9000	3,3835
38,0000	3,1050
38,1000	3,2690
38,2000	3,5398
38,3000	1,5362
38,4000	4,1374
38,5000	2,7948
38,6000	2,7236
38,7000	2,9131
38,8000	2,4757
38,9000	2,4783
39,0000	2,3651
39,1000	2,2736
39,2000	2,2036
39,3000	2,0002
39,4000	2,1235
39,5000	2,0040
39,6000	2,2113
39,7000	2,1566
39,8000	1,9303
39,9000	2,0295
40,0000	2,2163
40,1000	2,0790
40,2000	2,0434
40,3000	1,9710
40,4000	1,9417
40,5000	1,8883
40,6000	2,1019
40,7000	1,9799
40,8000	1,8451
40,9000	1,9964
41,0000	2,0587
41,1000	1,9646
41,2000	1,9430
41,3000	1,8731
41,4000	1,8794
41,5000	1,9621
41,6000	1,7803
41,7000	2,0218
41,8000	1,9201
41,9000	1,7968
42,0000	1,8896
42,1000	1,9633
42,2000	1,8629
42,3000	1,8947
42,4000	1,9049
42,5000	1,8731
42,6000	1,8629
42,7000	1,9888
42,8000	1,9710
42,9000	1,6506
43,0000	1,9265
43,1000	1,9951
43,2000	1,9672
43,3000	1,8400
43,4000	2,0231
43,5000	2,1401
43,6000	1,9316
43,7000	1,9570
43,8000	1,8896
43,9000	2,1146
44,0000	1,8921
44,1000	1,9494
44,2000	1,7777
44,3000	1,9277
44,4000	1,9684
44,5000	1,7498
44,6000	1,8947
44,7000	2,0091
44,8000	1,9036
44,9000	1,9354
45,0000	1,8337
45,1000	2,0867
45,2000	1,9977
45,3000	1,9799
45,4000	1,7828
45,5000	1,9138
45,6000	2,0371
45,7000	2,0371
45,8000	1,8515
45,9000	1,7968
46,0000	2,0269
46,1000	1,9888
46,2000	1,8743
46,3000	1,9049
46,4000	1,9722
46,5000	1,9366
46,6000	1,9710
46,7000	1,8667
46,8000	1,8298
46,9000	1,9112
47,0000	1,9748
47,1000	1,9354
47,2000	1,8006
47,3000	1,9303
47,4000	1,7790
47,5000	1,8565
47,6000	1,9595
47,7000	1,9316
47,8000	1,6747
47,9000	1,9290
48,0000	1,8820
48,1000	1,8909
48,2000	1,9735
48,3000	1,7790
48,4000	1,7383
48,5000	1,9557
48,6000	1,8642
48,7000	1,8769
48,8000	1,9214
48,9000	1,7803
49,0000	1,8972
49,1000	1,9112
49,2000	1,9405
49,3000	1,7307
49,4000	1,8553
49,5000	1,9977
49,6000	1,8769
49,7000	1,9049
49,8000	1,7701
49,9000	1,7574
50,0000	1,9570
50,1000	1,8921
50,2000	1,8756
50,3000	1,8235
50,4000	1,7904
50,5000	1,8540
50,6000	2,0816
50,7000	1,7892
50,8000	1,9646
50,9000	1,7726
51,0000	2,0447
51,1000	1,9239
51,2000	1,9023
51,3000	1,8438
51,4000	1,9481
51,5000	1,8845
51,6000	1,9735
51,7000	1,8832
51,8000	1,8184
51,9000	1,9214
52,0000	1,8515
52,1000	2,1045
52,2000	1,7383
52,3000	1,8311
52,4000	1,9405
52,5000	1,9087
52,6000	1,9354
52,7000	1,9328
52,8000	1,7129
52,9000	1,8769
53,0000	2,0765
53,1000	1,8654
53,2000	1,9532
53,3000	1,8832
53,4000	1,8515
53,5000	1,8451
53,6000	2,0295
53,7000	1,8235
53,8000	1,7459
53,9000	1,7180
54,0000	1,9112
54,1000	1,7854
54,2000	1,9150
54,3000	1,7599
54,4000	1,8705
54,5000	1,9799
54,6000	1,8515
54,7000	1,9926
54,8000	1,8426
54,9000	1,8019
55,0000	1,8108
55,1000	1,8146
55,2000	1,8349
55,3000	1,8044
55,4000	1,7803
55,5000	1,8248
55,6000	1,9506
55,7000	1,7409
55,8000	1,7637
55,9000	1,8171
56,0000	1,7536
56,1000	1,7370
56,2000	1,9430
56,3000	1,7790
56,4000	1,7320
56,5000	1,8426
56,6000	1,7523
56,7000	1,7459
56,8000	1,8108
56,9000	1,8006
57,0000	1,7917
57,1000	1,7078
57,2000	1,8171
57,3000	1,7993
57,4000	1,7765
57,5000	1,9138
57,6000	1,7231
57,7000	1,9049
57,8000	1,8413
57,9000	1,7459
58,0000	1,8375
58,1000	1,9061
58,2000	1,9697
58,3000	1,7485
58,4000	1,7955
58,5000	1,7650
58,6000	1,8375
58,7000	1,8451
58,8000	1,7256
58,9000	1,7968
59,0000	1,6786
59,1000	1,9074
59,2000	1,8591
59,3000	1,7091
59,4000	1,8540
59,5000	1,8362
59,6000	1,8515
59,7000	1,9519
59,8000	1,7154
59,9000	1,7993
60,0000	1,8222
60,1000	1,8578
60,2000	1,7930
60,3000	1,6964
60,4000	1,8108
60,5000	1,6366
60,6000	1,8934
60,7000	1,8082
60,8000	1,7345
60,9000	1,8070
61,0000	1,7218
61,1000	1,7790
61,2000	1,8540
61,3000	1,7269
61,4000	1,8731
61,5000	1,8324
61,6000	1,8324
61,7000	1,8476
61,8000	1,9125
61,9000	1,7777
62,0000	1,8019
62,1000	1,7879
62,2000	1,7968
62,3000	1,7943
62,4000	1,8248
62,5000	1,8438
62,6000	1,8349
62,7000	1,9265
62,8000	1,6951
62,9000	1,7205
63,0000	1,8553
63,1000	1,8883
63,2000	1,9061
63,3000	1,8502
63,4000	1,8019
63,5000	1,7943
63,6000	1,7790
63,7000	1,9188
63,8000	1,7930
63,9000	1,9481
64,0000	1,8540
64,1000	1,9366
64,2000	1,9430
64,3000	1,5959
64,4000	1,8286
64,5000	1,9773
64,6000	1,9672
64,7000	1,7917
64,8000	1,8248
64,9000	1,8248
65,0000	1,8693
65,1000	2,1502
65,2000	1,9150
65,3000	2,0968
65,4000	2,2723
65,5000	2,4668
65,6000	2,7236
65,7000	2,9944
65,8000	2,9092
65,9000	2,8787
66,0000	3,1012
66,1000	3,1978
66,2000	3,4763
66,3000	3,1368
66,4000	3,3059
66,5000	3,4890
66,6000	3,4890
66,7000	3,4623
66,8000	3,1839
66,9000	3,3949
67,0000	3,3479
67,1000	3,4966
67,2000	3,4356
67,3000	3,4292
67,4000	3,5691
67,5000	3,3708
67,6000	3,5907
67,7000	3,4496
67,8000	3,2156
67,9000	3,3123
68,0000	3,5437
68,1000	3,5246
68,2000	3,4788
68,3000	3,6199
68,4000	3,4102
68,5000	3,4534
68,6000	3,5589
68,7000	3,4699
68,8000	3,5157
68,9000	3,2589
69,0000	3,3809
69,1000	3,4623
69,2000	3,3644
69,3000	3,3352
69,4000	3,5055
69,5000	3,4420
69,6000	3,5780
69,7000	3,4038
69,8000	3,2258
69,9000	3,3530
70,0000	3,5081
70,1000	3,3301
70,2000	3,5106
70,3000	3,4178
70,4000	3,3873
70,5000	3,4547
70,6000	3,7534
70,7000	3,3517
70,8000	3,2792
70,9000	3,2067
71,0000	3,4292
71,1000	3,2474
71,2000	3,3987
71,3000	3,2233
71,4000	3,1673
71,5000	3,3797
71,6000	3,3771
71,7000	3,3720
71,8000	3,0466
71,9000	3,1267
72,0000	3,3682
72,1000	3,1762
72,2000	3,4648
72,3000	3,3886
72,4000	3,1623
72,5000	3,4064
72,6000	3,2322
72,7000	3,2818
72,8000	3,1889
72,9000	3,1165
73,0000	3,3072
73,1000	3,4292
73,2000	3,3110
73,3000	3,1686
73,4000	3,2729
73,5000	3,2093
73,6000	3,4114
73,7000	3,4687
73,8000	3,1241
73,9000	3,2271
74,0000	3,3390
74,1000	3,4064
74,2000	3,1101
74,3000	3,1584
74,4000	3,2258
74,5000	3,2932
74,6000	3,2601
74,7000	3,4559
74,8000	3,2703
74,9000	3,1534
75,0000	3,3835
75,1000	3,1673
75,2000	3,3504
75,3000	3,1190
75,4000	3,2754
75,5000	3,1394
75,6000	3,1724
75,7000	3,1915
75,8000	3,1928
75,9000	3,1712
76,0000	3,3631
76,1000	3,0262
76,2000	3,3161
76,3000	3,0542
76,4000	3,1648
76,5000	3,5526
76,6000	3,1584
76,7000	3,2945
76,8000	3,1406
76,9000	3,1216
77,0000	3,2792
77,1000	3,1648
77,2000	3,2017
77,3000	3,0949
77,4000	3,1432
77,5000	3,3669
77,6000	3,4013
77,7000	3,3097
77,8000	3,0898
77,9000	3,1330
78,0000	3,3466
78,1000	3,2932
78,2000	3,1483
78,3000	3,1025
78,4000	3,1966
78,5000	3,1546
78,6000	3,4114
78,7000	3,3186
78,8000	3,0961
78,9000	3,0898
79,0000	3,3186
79,1000	3,3288
79,2000	3,1889
79,3000	3,1928
79,4000	2,9715
79,5000	3,2678
79,6000	3,2067
79,7000	3,0949
79,8000	3,0593
79,9000	3,1521
80,0000	3,1445
80,1000	3,2729
80,2000	3,0173
80,3000	3,2627
80,4000	3,0516
80,5000	3,1343
80,6000	3,3542
80,7000	3,3059
80,8000	3,0847
80,9000	2,9919
81,0000	3,2576
81,1000	3,0338
81,2000	3,1521
81,3000	3,1139
81,4000	3,0224
81,5000	3,2652
81,6000	2,9970
81,7000	3,1152
81,8000	3,1076
81,9000	3,0427
82,0000	3,0974
82,1000	3,0021
82,2000	3,1724
82,3000	3,0046
82,4000	3,0275
82,5000	3,1356
82,6000	3,2042
82,7000	3,1559
82,8000	2,9347
82,9000	3,0898
83,0000	3,1483
83,1000	3,2411
83,2000	3,3644
83,3000	2,8698
83,4000	3,0466
83,5000	3,2118
83,6000	3,0961
83,7000	3,3924
83,8000	2,8686
83,9000	3,1127
84,0000	3,1038
84,1000	3,1648
84,2000	3,2678
84,3000	3,0084
84,4000	3,0351
84,5000	3,3237
84,6000	3,1966
84,7000	3,2690
84,8000	3,0936
84,9000	3,0059
85,0000	3,1572
85,1000	3,2067
85,2000	3,2258
85,3000	3,0529
85,4000	3,2487
85,5000	3,0033
85,6000	3,0872
85,7000	3,1762
85,8000	2,9487
85,9000	3,1457
86,0000	3,1356
86,1000	3,1686
86,2000	3,3110
86,3000	3,2029
86,4000	3,0440
86,5000	3,0237
86,6000	3,2627
86,7000	3,2487
86,8000	2,9372
86,9000	3,0555
87,0000	3,1241
87,1000	3,2919
87,2000	3,2919
87,3000	3,0466
87,4000	3,2919
87,5000	3,1305
87,6000	3,3148
87,7000	3,1889
87,8000	3,0974
87,9000	3,0275
88,0000	3,2868
88,1000	3,1851
88,2000	3,3593
88,3000	3,0682
88,4000	2,8431
88,5000	3,4216
88,6000	3,1864
88,7000	3,2029
88,8000	3,0694
88,9000	2,9131
89,0000	3,2945
89,1000	3,1508
89,2000	3,2004
89,3000	3,0936
89,4000	2,9588
89,5000	3,3135
89,6000	3,1559
89,7000	3,2589
89,8000	2,9652
89,9000	3,0656
90,0000	3,2436
90,1000	2,9626
90,2000	3,3428
90,3000	3,0567
90,4000	3,0440
90,5000	3,1750
90,6000	3,2589
90,7000	3,2207
90,8000	3,0822
90,9000	2,7999
91,0000	3,2042
91,1000	3,1597
91,2000	3,2830
91,3000	3,1737
91,4000	3,1165
91,5000	2,9982
91,6000	3,2042
91,7000	3,1063
91,8000	2,8825
91,9000	2,9512
92,0000	3,1305
92,1000	3,0567
92,2000	3,0860
92,3000	2,9156
92,4000	2,9194
92,5000	3,1203
92,6000	3,1470
92,7000	3,3046
92,8000	2,9372
92,9000	3,1521
93,0000	3,2830
93,1000	3,1292
93,2000	3,2385
93,3000	2,9601
93,4000	3,2029
93,5000	3,5259
93,6000	2,9550
93,7000	3,4915
93,8000	3,1953
93,9000	3,0249
94,0000	3,2029
94,1000	3,0529
94,2000	3,3352
94,3000	3,0809
94,4000	3,1737
94,5000	3,3352
94,6000	3,3975
94,7000	3,0567
94,8000	3,0199
94,9000	3,2093
95,0000	3,0351
95,1000	3,1864
95,2000	3,3746
95,3000	3,0338
95,4000	3,0898
95,5000	3,1394
95,6000	3,2907
95,7000	3,2449
95,8000	2,8902
95,9000	3,0872
96,0000	3,1050
96,1000	3,1165
96,2000	3,2627
96,3000	3,0605
96,4000	3,0033
96,5000	3,2665
96,6000	3,2525
96,7000	2,9919
96,8000	3,1279
96,9000	3,0377
97,0000	3,1127
97,1000	2,9830
97,2000	3,3263
97,3000	2,9156
97,4000	2,6842
97,5000	3,1737
97,6000	3,0605
97,7000	3,1584
97,8000	3,1152
97,9000	3,0605
98,0000	3,0567
98,1000	3,0580
98,2000	3,0084
98,3000	3,1152
98,4000	2,9766
98,5000	3,0860
98,6000	3,1063
98,7000	2,9982
98,8000	2,9995
98,9000	2,9194
99,0000	3,2385
99,1000	2,8406
99,2000	3,2576
99,3000	2,8317
99,4000	2,9982
99,5000	2,9677
99,6000	3,0275
99,7000	3,1661
99,8000	2,8520
99,9000	3,0275
100,0000	3,1839
100,1000	2,8686
100,2000	3,0860
100,3000	2,9016
100,4000	2,7452
100,5000	2,9868
100,6000	3,0694
100,7000	2,9588
100,8000	2,8495
100,9000	2,9550
101,0000	2,9779
101,1000	2,9588
101,2000	3,1661
101,3000	2,9919
101,4000	3,0834
101,5000	2,8482
101,6000	3,2029
101,7000	3,0504
101,8000	2,9474
101,9000	2,8991
102,0000	3,0733
102,1000	3,1178
102,2000	3,1839
102,3000	2,9487
102,4000	3,0021
102,5000	3,3771
102,6000	2,9245
102,7000	3,0402
102,8000	2,9245
102,9000	2,9461
103,0000	3,1190
103,1000	3,1661
103,2000	3,2067
103,3000	2,8457
103,4000	2,9626
103,5000	3,2589
103,6000	3,1343
103,7000	3,0211
103,8000	3,0809
103,9000	2,9105
104,0000	3,0593
104,1000	2,9537
104,2000	3,1839
104,3000	3,0415
104,4000	2,7440
104,5000	3,0440
104,6000	2,9487
104,7000	3,1000
104,8000	2,7643
104,9000	2,9029
105,0000	2,9626
105,1000	3,0682
105,2000	3,0656
105,3000	2,8114
105,4000	3,0224
105,5000	3,1089
105,6000	2,8279
105,7000	3,0338
105,8000	3,0555
105,9000	2,7859
106,0000	2,8355
106,1000	2,7999
106,2000	2,9779
106,3000	3,0135
106,4000	2,8787
106,5000	3,0186
106,6000	3,1597
106,7000	3,2500
106,8000	2,8457
106,9000	3,0110
107,0000	3,1305
107,1000	3,2144
107,2000	2,9118
107,3000	3,0504
107,4000	2,9970
107,5000	2,9398
107,6000	3,1839
107,7000	3,3123
107,8000	2,8660
107,9000	3,1928
108,0000	3,3085
108,1000	2,9804
108,2000	3,1839
108,3000	3,1178
108,4000	3,1317
108,5000	2,9906
108,6000	3,1648
108,7000	3,1712
108,8000	2,8940
108,9000	3,0211
109,0000	3,0377
109,1000	3,0186
109,2000	3,1114
109,3000	2,8558
109,4000	2,9512
109,5000	3,0008
109,6000	3,1012
109,7000	2,9957
109,8000	2,9843
109,9000	3,0300
110,0000	3,1343
110,1000	2,9245
110,2000	3,2118
110,3000	2,9245
110,4000	2,7783
110,5000	3,2919
110,6000	3,0834
110,7000	3,1724
110,8000	3,0542
110,9000	3,1025
111,0000	2,9906
111,1000	3,1292
111,2000	3,0872
111,3000	3,0186
111,4000	2,9652
111,5000	3,1597
111,6000	3,3034
111,7000	3,2767
111,8000	2,9016
111,9000	3,0453
112,0000	3,1889
112,1000	3,1445
112,2000	3,2271
112,3000	3,0745
112,4000	3,0033
112,5000	3,1699
112,6000	3,0135
112,7000	3,0046
112,8000	1,8108
112,9000	3,1305
113,0000	2,8330
113,1000	2,5024
113,2000	2,4948
113,3000	2,2875
113,4000	2,2774
113,5000	2,1680
113,6000	2,2100
113,7000	2,1439
113,8000	1,8998
113,9000	1,9646
114,0000	2,0104
114,1000	1,9328
114,2000	1,8527
114,3000	1,8222
114,4000	1,7955
114,5000	1,8807
114,6000	1,8108
114,7000	1,7637
114,8000	1,7053
114,9000	1,6709
115,0000	1,8082
115,1000	1,5908
115,2000	1,7192
115,3000	1,5845
115,4000	1,6697
115,5000	1,7587
115,6000	1,7599
115,7000	1,7129
115,8000	1,5527
115,9000	1,7180
116,0000	1,6175
116,1000	1,6074
116,2000	1,7091
116,3000	1,5985
116,4000	1,6544
116,5000	1,6620
116,6000	1,6557
116,7000	1,6519
116,8000	1,5501
116,9000	1,5349
117,0000	1,6023
117,1000	1,6124
117,2000	1,6023
117,3000	1,3861
117,4000	1,5387
117,5000	1,7409
117,6000	1,4777
117,7000	1,5095
117,8000	1,4103
117,9000	1,5298
118,0000	1,6951
118,1000	1,4777
118,2000	1,3976
118,3000	1,4154
118,4000	1,4739
118,5000	1,5362
118,6000	1,4967
118,7000	1,6595
118,8000	1,3722
118,9000	1,5565
119,0000	1,5374
119,1000	1,5565
119,2000	1,5362
119,3000	1,5069
119,4000	1,4929
119,5000	1,5273
119,6000	1,4764
119,7000	1,4840
119,8000	1,4650
119,9000	1,4230
120,0000	1,5578
