0,0000	1,2145
0,0600	0,3690
0,1200	-0,1319
0,1800	-0,0225
0,2400	0,0105
0,3000	0,0410
0,3600	0,0067
0,4200	0,0143
0,4800	0,0143
0,5400	0,0092
0,6000	0,0283
0,6600	0,0003
0,7200	0,0080
0,7800	0,0245
0,8400	0,0067
0,9000	0,0118
0,9600	0,0118
1,0200	0,0029
1,0800	0,0169
1,1400	0,0181
1,2000	0,0131
1,2600	0,0118
1,3200	0,0092
1,3800	0,0143
1,4400	0,0143
1,5000	0,0131
1,5600	0,0092
1,6200	0,0232
1,6800	0,0194
1,7400	0,0080
1,8000	0,0232
1,8600	0,0258
1,9200	0,0258
1,9800	0,0080
2,0400	0,0309
2,1000	0,0245
2,1600	0,0245
2,2200	0,0181
2,2800	0,0194
2,3400	0,0105
2,4000	0,0194
2,4600	0,0080
2,5200	0,0245
2,5800	0,0245
2,6400	0,0067
2,7000	0,0232
2,7600	0,0169
2,8200	0,0207
2,8800	0,0270
2,9400	0,0118
3,0000	0,0181
3,0600	0,0143
3,1200	0,0181
3,1800	0,0220
3,2400	0,0042
3,3000	0,0207
3,3600	0,0270
3,4200	0,0143
3,4800	0,0270
3,5400	0,0105
3,6000	0,0232
3,6600	0,0181
3,7200	0,0143
3,7800	0,0258
3,8400	0,0258
3,9000	0,0169
3,9600	0,0118
4,0200	0,0105
4,0800	0,0054
4,1400	0,0220
4,2000	0,0169
4,2600	0,0181
4,3200	0,0080
4,3800	0,0105
4,4400	0,0207
4,5000	0,0245
4,5600	0,0181
4,6200	0,0245
4,6800	0,0220
4,7400	0,0067
4,8000	0,0131
4,8600	0,0207
4,9200	0,0270
4,9800	0,0296
5,0400	0,0220
5,1000	0,0232
5,1600	0,0156
5,2200	0,0156
5,2800	0,0169
5,3400	0,0143
5,4000	0,0143
5,4600	0,0169
5,5200	0,0245
5,5800	0,0181
5,6400	0,0334
5,7000	0,0334
5,7600	0,0105
5,8200	0,0270
5,8800	0,0245
5,9400	0,0220
6,0000	0,0118
6,0600	0,0232
6,1200	0,0220
6,1800	0,0118
6,2400	0,0181
6,3000	0,0270
6,3600	0,0258
6,4200	0,0194
6,4800	0,0245
6,5400	0,0131
6,6000	0,0143
6,6600	0,0169
6,7200	0,0092
6,7800	0,0220
6,8400	0,0270
6,9000	0,0207
6,9600	0,0207
7,0200	0,0169
7,0800	0,0080
7,1400	0,0105
7,2000	0,0258
7,2600	0,0181
7,3200	0,0156
7,3800	0,0067
7,4400	0,0118
7,5000	0,0359
7,5600	0,0207
7,6200	0,0232
7,6800	0,0270
7,7400	0,0245
7,8000	0,0181
7,8600	0,0270
7,9200	0,0232
7,9800	0,0156
8,0400	0,0156
8,1000	0,0258
8,1600	0,0156
8,2200	0,0092
8,2800	0,0220
8,3400	0,0410
8,4000	0,0283
8,4600	0,0067
8,5200	0,0118
8,5800	0,0169
8,6400	0,0220
8,7000	0,0220
8,7600	0,0118
8,8200	0,0181
8,8800	0,0207
8,9400	0,0207
9,0000	0,0131
9,0600	0,0258
9,1200	0,0105
9,1800	0,0181
9,2400	0,0143
9,3000	0,0105
9,3600	0,0169
9,4200	0,0207
9,4800	0,0232
9,5400	0,0118
9,6000	0,0283
9,6600	0,0258
9,7200	0,0309
9,7800	0,0092
9,8400	0,0194
9,9000	0,0321
9,9600	0,0194
10,0200	0,0118
10,0800	0,0245
10,1400	0,0169
10,2000	0,0232
10,2600	0,0181
10,3200	0,0118
10,3800	0,0245
10,4400	0,0067
10,5000	0,0143
10,5600	0,0169
10,6200	0,0207
10,6800	0,0169
10,7400	0,0131
10,8000	0,0118
10,8600	0,0245
10,9200	0,0156
10,9800	0,0220
11,0400	0,0105
11,1000	0,0258
11,1600	0,0105
11,2200	0,0309
11,2800	0,0207
11,3400	0,0067
11,4000	0,0258
11,4600	0,0169
11,5200	0,0080
11,5800	0,0131
11,6400	0,0258
11,7000	0,0258
11,7600	0,0245
11,8200	0,0194
11,8800	0,0105
11,9400	0,0181
12,0000	0,0270
12,0600	0,0283
12,1200	0,0321
12,1800	0,0105
12,2400	0,0181
12,3000	0,0283
12,3600	0,0207
12,4200	0,0194
12,4800	0,0156
12,5400	0,0118
12,6000	0,0359
12,6600	0,0118
12,7200	0,0169
12,7800	0,0283
12,8400	0,0232
12,9000	0,0092
12,9600	0,0232
13,0200	0,0270
13,0800	0,0143
13,1400	0,0156
13,2000	0,0143
13,2600	0,0105
13,3200	0,0334
13,3800	0,0194
13,4400	0,0270
13,5000	0,0181
13,5600	0,0347
13,6200	0,0092
13,6800	0,0156
13,7400	0,0207
13,8000	0,0042
13,8600	0,0118
13,9200	0,0169
13,9800	0,0118
14,0400	0,0321
14,1000	0,0270
14,1600	0,0092
14,2200	0,0131
14,2800	0,0194
14,3400	0,0270
14,4000	0,0194
14,4600	0,0181
14,5200	0,0169
14,5800	0,0296
14,6400	0,0067
14,7000	0,0118
14,7600	0,0181
14,8200	0,0207
14,8800	0,0258
14,9400	0,0220
15,0000	0,0296
15,0600	0,0232
15,1200	0,0258
15,1800	0,0054
15,2400	0,0258
15,3000	0,0169
15,3600	0,0092
15,4200	0,0232
15,4800	0,0309
15,5400	0,0296
15,6000	0,0169
15,6600	0,0054
15,7200	0,0321
15,7800	0,0296
15,8400	0,0258
15,9000	0,0194
15,9600	0,0169
16,0200	0,0245
16,0800	0,0181
16,1400	0,0156
16,2000	0,0296
16,2600	0,0220
16,3200	0,0092
16,3800	0,0220
16,4400	0,0220
16,5000	0,0334
16,5600	0,0169
16,6200	0,0309
16,6800	0,0194
16,7400	0,0207
16,8000	0,0156
16,8600	0,0042
16,9200	0,0131
16,9800	0,0181
17,0400	0,0156
17,1000	0,0131
17,1600	0,0131
17,2200	0,0245
17,2800	0,0245
17,3400	0,0131
17,4000	0,0169
17,4600	0,0118
17,5200	0,0258
17,5800	0,0207
17,6400	0,0054
17,7000	0,0067
17,7600	0,0321
17,8200	0,0220
17,8800	0,0398
17,9400	0,0054
18,0000	0,0270
18,0600	0,0220
18,1200	0,0054
18,1800	0,0105
18,2400	0,0169
18,3000	0,0245
18,3600	0,0309
18,4200	0,0143
18,4800	0,0309
18,5400	0,0118
18,6000	0,0156
18,6600	0,0118
18,7200	0,0270
18,7800	0,0181
18,8400	0,0220
18,9000	0,0220
18,9600	0,0207
19,0200	0,0118
19,0800	0,0156
19,1400	0,0245
19,2000	0,0245
19,2600	0,0092
19,3200	0,0232
19,3800	0,0220
19,4400	0,0169
19,5000	0,0131
19,5600	0,0220
19,6200	0,0181
19,6800	0,0118
19,7400	0,0131
19,8000	0,0321
19,8600	0,0054
19,9200	0,0207
19,9800	0,0245
20,0400	0,0232
20,1000	0,0309
20,1600	0,0156
20,2200	0,0118
20,2800	0,0169
20,3400	0,0220
20,4000	0,0118
20,4600	0,0067
20,5200	0,0118
20,5800	0,0169
20,6400	0,0232
20,7000	0,0118
20,7600	0,0181
20,8200	0,0118
20,8800	0,0220
20,9400	0,0283
21,0000	0,0220
21,0600	0,0245
21,1200	0,0194
21,1800	0,0181
21,2400	0,0207
21,3000	0,0220
21,3600	0,0131
21,4200	0,0181
21,4800	0,0245
21,5400	0,0067
21,6000	0,0258
21,6600	0,0270
21,7200	0,0131
21,7800	0,0194
21,8400	0,0181
21,9000	0,0131
21,9600	0,0245
22,0200	0,0143
22,0800	0,0181
22,1400	0,0258
22,2000	0,0220
22,2600	0,0143
22,3200	0,0080
22,3800	0,0220
22,4400	0,0220
22,5000	0,0270
22,5600	0,0220
22,6200	0,0296
22,6800	0,0347
22,7400	0,0054
22,8000	0,0258
22,8600	0,0092
22,9200	0,0207
22,9800	0,0105
23,0400	0,0258
23,1000	0,0105
23,1600	0,0321
23,2200	0,0283
23,2800	0,0131
23,3400	0,0334
23,4000	0,0156
23,4600	0,0207
23,5200	0,0258
23,5800	0,0118
23,6400	0,0080
23,7000	0,0042
23,7600	0,0207
23,8200	0,0296
23,8800	0,0258
23,9400	0,0207
24,0000	0,0181
24,0600	0,0143
24,1200	0,0143
24,1800	0,0309
24,2400	0,0220
24,3000	0,0054
24,3600	0,0220
24,4200	0,0105
24,4800	0,0143
24,5400	0,0232
24,6000	0,0080
24,6600	0,0283
24,7200	0,0194
24,7800	0,0169
24,8400	0,0143
24,9000	0,0105
24,9600	0,0220
25,0200	0,0232
25,0800	0,0169
25,1400	0,0181
25,2000	0,0181
25,2600	0,0156
25,3200	0,0016
25,3800	0,0169
25,4400	0,0245
25,5000	0,0245
25,5600	0,0194
25,6200	0,0232
25,6800	0,0054
25,7400	0,0194
25,8000	0,0181
25,8600	0,0283
25,9200	0,0207
25,9800	0,0105
26,0400	0,0207
26,1000	0,0118
26,1600	0,0220
26,2200	0,0334
26,2800	0,0181
26,3400	0,0118
26,4000	0,0194
26,4600	0,0156
26,5200	0,0118
26,5800	0,0232
26,6400	0,0270
26,7000	0,0232
26,7600	0,0156
26,8200	0,0194
26,8800	0,0258
26,9400	0,0181
27,0000	0,0220
27,0600	0,0347
27,1200	0,0194
27,1800	0,0169
27,2400	0,0258
27,3000	0,0194
27,3600	0,0207
27,4200	0,0131
27,4800	0,0156
27,5400	0,0309
27,6000	0,0143
27,6600	0,0232
27,7200	0,0131
27,7800	0,0181
27,8400	0,0194
27,9000	0,0270
27,9600	0,0270
28,0200	0,0181
28,0800	0,0220
28,1400	0,0270
28,2000	0,0270
28,2600	0,0194
28,3200	0,0220
28,3800	0,0067
28,4400	0,0258
28,5000	0,0156
28,5600	0,0220
28,6200	0,0105
28,6800	0,0181
28,7400	0,0283
28,8000	0,0207
28,8600	0,0092
28,9200	0,0207
28,9800	0,0080
29,0400	0,0181
29,1000	0,0080
29,1600	0,0309
29,2200	0,0309
29,2800	0,0118
29,3400	0,0258
29,4000	0,0092
29,4600	0,0321
29,5200	0,0258
29,5800	0,0207
29,6400	0,0029
29,7000	0,0283
29,7600	0,0143
29,8200	0,0245
29,8800	0,0169
29,9400	0,0194
30,0000	0,0143
30,0600	0,0270
30,1200	0,0042
30,1800	0,0118
30,2400	0,0258
30,3000	0,0156
30,3600	0,0143
30,4200	0,0105
30,4800	0,0283
30,5400	0,0080
30,6000	0,0029
30,6600	0,0283
30,7200	0,0334
30,7800	0,0181
30,8400	0,0245
30,9000	0,0080
30,9600	0,0232
31,0200	0,0334
31,0800	0,0105
31,1400	0,0169
31,2000	0,0309
31,2600	0,0207
31,3200	0,0207
31,3800	0,0245
31,4400	0,0194
31,5000	0,0232
31,5600	0,0181
31,6200	0,0194
31,6800	0,0194
31,7400	0,0131
31,8000	0,0283
31,8600	0,0232
31,9200	0,0067
31,9800	0,0181
32,0400	0,0181
32,1000	0,0118
32,1600	0,0067
32,2200	0,0232
32,2800	0,0181
32,3400	0,0220
32,4000	0,0156
32,4600	0,0169
32,5200	0,0283
32,5800	0,0232
32,6400	0,0080
32,7000	0,0207
32,7600	0,0270
32,8200	0,0220
32,8800	0,0156
32,9400	0,0131
33,0000	0,0169
33,0600	0,0258
33,1200	0,0169
33,1800	0,0258
33,2400	0,0105
33,3000	0,0181
33,3600	0,0092
33,4200	0,0169
33,4800	0,0118
33,5400	0,0118
33,6000	0,0067
33,6600	0,0181
33,7200	0,0080
33,7800	0,0194
33,8400	0,0181
33,9000	0,0181
33,9600	0,0283
34,0200	0,0143
34,0800	0,0156
34,1400	0,0181
34,2000	0,0232
34,2600	0,0207
34,3200	0,0131
34,3800	0,0258
34,4400	0,0156
34,5000	0,0067
34,5600	0,0092
34,6200	0,0232
34,6800	0,0220
34,7400	0,0067
34,8000	0,0270
34,8600	0,0131
34,9200	0,0156
34,9800	0,0296
35,0400	0,0194
35,1000	0,0105
35,1600	0,0321
35,2200	0,0143
35,2800	0,0181
35,3400	0,0220
35,4000	0,0131
35,4600	0,0232
35,5200	0,0194
35,5800	0,0283
35,6400	0,0118
35,7000	0,0092
35,7600	0,0181
35,8200	0,0181
35,8800	0,0092
35,9400	0,0131
36,0000	0,0232
36,0600	0,0042
36,1200	0,0118
36,1800	0,0143
36,2400	0,0181
36,3000	0,0131
36,3600	0,0181
36,4200	0,0296
36,4800	0,0334
36,5400	0,0283
36,6000	0,0220
36,6600	0,0245
36,7200	0,0296
36,7800	0,0296
36,8400	0,0080
36,9000	0,0105
36,9600	0,0245
37,0200	0,0258
37,0800	0,0232
37,1400	0,0169
37,2000	0,0181
37,2600	0,0092
37,3200	0,0169
37,3800	0,0169
37,4400	0,0080
37,5000	0,0105
37,5600	0,0232
37,6200	0,0143
37,6800	0,0258
37,7400	0,0181
37,8000	0,0054
37,8600	0,0194
37,9200	0,0220
37,9800	0,0283
38,0400	0,0194
38,1000	0,0283
38,1600	0,0105
38,2200	0,0194
38,2800	0,0156
38,3400	0,0207
38,4000	0,0245
38,4600	0,0270
38,5200	0,0054
38,5800	0,0296
38,6400	0,0156
38,7000	0,0143
38,7600	0,0092
38,8200	0,0207
38,8800	0,0309
38,9400	0,0334
39,0000	0,0194
39,0600	0,0220
39,1200	0,0270
39,1800	0,0169
39,2400	0,0181
39,3000	0,0194
39,3600	0,0270
39,4200	0,0118
39,4800	0,0220
39,5400	0,0258
39,6000	0,0334
39,6600	0,0131
39,7200	0,0283
39,7800	0,0258
39,8400	0,0220
39,9000	0,0270
39,9600	0,0220
40,0200	0,0181
40,0800	0,0118
40,1400	0,0207
40,2000	0,0283
40,2600	0,0270
40,3200	0,0169
40,3800	0,0080
40,4400	0,0258
40,5000	0,0080
40,5600	0,0067
40,6200	0,0169
40,6800	0,0207
40,7400	0,0118
40,8000	0,0270
40,8600	0,0270
40,9200	0,0207
40,9800	0,0347
41,0400	0,0105
41,1000	0,0194
41,1600	0,0181
41,2200	0,0232
41,2800	0,0118
41,3400	0,0220
41,4000	0,0156
41,4600	0,0270
41,5200	0,0232
41,5800	0,0220
41,6400	0,0194
41,7000	0,0131
41,7600	0,0321
41,8200	0,0105
41,8800	0,0181
41,9400	0,0283
42,0000	0,0169
42,0600	0,0296
42,1200	0,0181
42,1800	0,0181
42,2400	0,0169
42,3000	0,0054
42,3600	0,0181
42,4200	0,0181
42,4800	0,0207
42,5400	0,0194
42,6000	0,0067
42,6600	0,0270
42,7200	0,0143
42,7800	0,0347
42,8400	0,0194
42,9000	0,0270
42,9600	0,0207
43,0200	0,0258
43,0800	0,0207
43,1400	0,0054
43,2000	0,0258
43,2600	0,0309
43,3200	0,0181
43,3800	0,0169
43,4400	0,0232
43,5000	0,0270
43,5600	0,0143
43,6200	0,0270
43,6800	0,0232
43,7400	0,0169
43,8000	0,0296
43,8600	0,0156
43,9200	0,0156
43,9800	0,0232
44,0400	0,0131
44,1000	0,0270
44,1600	0,0131
44,2200	0,0270
44,2800	0,0156
44,3400	0,0131
44,4000	0,0258
44,4600	0,0258
44,5200	0,0194
44,5800	0,0131
44,6400	0,0245
44,7000	0,0232
44,7600	0,0258
44,8200	0,0194
44,8800	0,0309
44,9400	0,0169
45,0000	0,0156
45,0600	0,0321
45,1200	0,0156
45,1800	0,0321
45,2400	0,0131
45,3000	0,0003
45,3600	0,0232
45,4200	0,0194
45,4800	0,0232
45,5400	0,0156
45,6000	0,0334
45,6600	0,0207
45,7200	0,0309
45,7800	0,0283
45,8400	0,0181
45,9000	0,0131
45,9600	0,0207
46,0200	0,0042
46,0800	0,0194
46,1400	0,0220
46,2000	0,0283
46,2600	0,0169
46,3200	0,0232
46,3800	0,0092
46,4400	0,0258
46,5000	0,0181
46,5600	0,0105
46,6200	0,0245
46,6800	0,0105
46,7400	0,0181
46,8000	0,0156
46,8600	0,0194
46,9200	0,0270
46,9800	0,0207
47,0400	0,0181
47,1000	0,0207
47,1600	0,0131
47,2200	0,0220
47,2800	0,0131
47,3400	0,0321
47,4000	0,0220
47,4600	0,0169
47,5200	0,0080
47,5800	0,0194
47,6400	0,0092
47,7000	0,0296
47,7600	0,0156
47,8200	0,0220
47,8800	0,0131
47,9400	0,0207
48,0000	0,0220
48,0600	0,0258
48,1200	0,0220
48,1800	0,0232
48,2400	0,0194
48,3000	0,0131
48,3600	0,0131
48,4200	0,0270
48,4800	0,0080
48,5400	0,0207
48,6000	0,0194
48,6600	0,0131
48,7200	0,0181
48,7800	0,0118
48,8400	0,0194
48,9000	0,0169
48,9600	0,0194
49,0200	0,0092
49,0800	0,0347
49,1400	0,0321
49,2000	0,0181
49,2600	0,0283
49,3200	0,0220
49,3800	0,0232
49,4400	0,0092
49,5000	0,0067
49,5600	0,0207
49,6200	0,0283
49,6800	0,0258
49,7400	0,0270
49,8000	0,0220
49,8600	0,0194
49,9200	0,0156
49,9800	0,0143
50,0400	0,0169
50,1000	0,0270
50,1600	0,0245
50,2200	0,0194
50,2800	0,0232
50,3400	0,0156
50,4000	0,0169
50,4600	0,0270
50,5200	0,0169
50,5800	0,0194
50,6400	0,0169
50,7000	0,0092
50,7600	0,0296
50,8200	0,0309
50,8800	0,0181
50,9400	0,0270
51,0000	0,0067
51,0600	0,0105
51,1200	0,0232
51,1800	0,0270
51,2400	0,0118
51,3000	0,0283
51,3600	0,0080
51,4200	0,0131
51,4800	0,0118
51,5400	0,0194
51,6000	0,0220
51,6600	0,0245
51,7200	0,0118
51,7800	0,0143
51,8400	0,0283
51,9000	0,0207
51,9600	0,0283
52,0200	0,0232
52,0800	0,0131
52,1400	0,0169
52,2000	0,0156
52,2600	0,0283
52,3200	0,0232
52,3800	0,0245
52,4400	0,0232
52,5000	0,0258
52,5600	0,0220
52,6200	0,0220
52,6800	0,0245
52,7400	0,0220
52,8000	0,0220
52,8600	0,0029
52,9200	0,0309
52,9800	0,0118
53,0400	0,0181
53,1000	0,0207
53,1600	0,0258
53,2200	0,0181
53,2800	0,0270
53,3400	0,0169
53,4000	0,0296
53,4600	0,0232
53,5200	0,0131
53,5800	0,0156
53,6400	0,0156
53,7000	0,0181
53,7600	0,0309
53,8200	0,0092
53,8800	0,0131
53,9400	0,0118
54,0000	0,0283
54,0600	0,0232
54,1200	0,0156
54,1800	0,0181
54,2400	0,0143
54,3000	0,0194
54,3600	0,0194
54,4200	0,0207
54,4800	0,0372
54,5400	0,0207
54,6000	0,0054
54,6600	0,0245
54,7200	0,0194
54,7800	0,0245
54,8400	0,0283
54,9000	0,0181
54,9600	0,0143
55,0200	0,0398
55,0800	0,0092
55,1400	0,0194
55,2000	0,0067
55,2600	0,0181
55,3200	0,0207
55,3800	0,0156
55,4400	0,0359
55,5000	0,0092
55,5600	0,0169
55,6200	0,0092
55,6800	0,0232
55,7400	0,0207
55,8000	0,0245
55,8600	0,0105
55,9200	0,0131
55,9800	0,0143
56,0400	0,0156
56,1000	0,0309
56,1600	0,0270
56,2200	0,0092
56,2800	0,0156
56,3400	0,0105
56,4000	0,0232
56,4600	0,0118
56,5200	0,0296
56,5800	0,0118
56,6400	0,0207
56,7000	0,0169
56,7600	0,0118
56,8200	0,0270
56,8800	0,0118
56,9400	0,0080
57,0000	0,0258
57,0600	0,0347
57,1200	0,0245
57,1800	0,0232
57,2400	0,0207
57,3000	0,0016
57,3600	0,0169
57,4200	0,0080
57,4800	0,0131
57,5400	0,0194
57,6000	0,0258
57,6600	0,0207
57,7200	0,0334
57,7800	0,0143
57,8400	0,0207
57,9000	0,0220
57,9600	0,0270
58,0200	0,0156
58,0800	0,0258
58,1400	0,0194
58,2000	0,0207
58,2600	0,0309
58,3200	0,0207
58,3800	0,0283
58,4400	0,0207
58,5000	0,0080
58,5600	0,0258
58,6200	0,0054
58,6800	0,0258
58,7400	0,0169
58,8000	0,0181
58,8600	0,0245
58,9200	0,0105
58,9800	0,0270
59,0400	0,0347
59,1000	0,0245
59,1600	0,0156
59,2200	0,0181
59,2800	0,0258
59,3400	0,0105
59,4000	0,0156
59,4600	0,0207
59,5200	0,0245
59,5800	0,0194
59,6400	0,0245
59,7000	0,0194
59,7600	0,0309
59,8200	0,0131
59,8800	0,0181
59,9400	0,0296
60,0000	0,0258
60,0600	0,0080
60,1200	0,0194
60,1800	0,0220
60,2400	0,0245
60,3000	0,0207
60,3600	0,0220
60,4200	0,0232
60,4800	0,0232
60,5400	0,0232
60,6000	0,0156
60,6600	0,0169
60,7200	0,0232
60,7800	0,0309
60,8400	0,0143
60,9000	0,0194
60,9600	0,0156
61,0200	0,0194
61,0800	0,0232
61,1400	0,0131
61,2000	0,0258
61,2600	0,0258
61,3200	0,0296
61,3800	0,0156
61,4400	0,0283
61,5000	0,0283
61,5600	0,0258
61,6200	0,0245
61,6800	0,0258
61,7400	0,0118
61,8000	0,0283
61,8600	0,0207
61,9200	0,0156
61,9800	0,0169
62,0400	0,0283
62,1000	0,0232
62,1600	0,0169
62,2200	0,0181
62,2800	0,0220
62,3400	0,0067
62,4000	0,0169
62,4600	0,0054
62,5200	0,0245
62,5800	0,0169
62,6400	0,0080
62,7000	0,0296
62,7600	0,0169
62,8200	0,0220
62,8800	0,0194
62,9400	0,0220
63,0000	0,0181
63,0600	0,0245
63,1200	0,0270
63,1800	0,0181
63,2400	0,0220
63,3000	0,0067
63,3600	0,0194
63,4200	0,0194
63,4800	0,0156
63,5400	0,0194
63,6000	0,0283
63,6600	0,0245
63,7200	0,0169
63,7800	0,0207
63,8400	0,0232
63,9000	0,0080
63,9600	0,0156
64,0200	0,0283
64,0800	0,0283
64,1400	0,0105
64,2000	0,0258
64,2600	0,0245
64,3200	0,0143
64,3800	0,0245
64,4400	0,0181
64,5000	0,0105
64,5600	0,0283
64,6200	0,0131
64,6800	0,0309
64,7400	0,0105
64,8000	0,0245
64,8600	0,0334
64,9200	0,0232
64,9800	0,0321
65,0400	0,0143
65,1000	0,0181
65,1600	0,0092
65,2200	0,0334
65,2800	0,0143
65,3400	0,0169
65,4000	0,0245
65,4600	0,0105
65,5200	0,0118
65,5800	0,0283
65,6400	0,0359
65,7000	0,0131
65,7600	0,0270
65,8200	0,0347
65,8800	0,0220
65,9400	0,0309
66,0000	0,0080
66,0600	0,0207
66,1200	0,0092
66,1800	0,0245
66,2400	0,0143
66,3000	0,0372
66,3600	0,0092
66,4200	0,0143
66,4800	0,0156
66,5400	0,0194
66,6000	0,0143
66,6600	0,0143
66,7200	0,0169
66,7800	0,0194
66,8400	0,0296
66,9000	0,0270
66,9600	0,0283
67,0200	0,0245
67,0800	0,0131
67,1400	0,0385
67,2000	0,0118
67,2600	0,0270
67,3200	0,0296
67,3800	0,0181
67,4400	0,0258
67,5000	0,0296
67,5600	0,0092
67,6200	0,0232
67,6800	0,0258
67,7400	0,0258
67,8000	0,0321
67,8600	0,0156
67,9200	0,0270
67,9800	0,0169
68,0400	0,0283
68,1000	0,0270
68,1600	0,0207
68,2200	0,0131
68,2800	0,0258
68,3400	0,0258
68,4000	0,0169
68,4600	0,0092
68,5200	0,0067
68,5800	0,0194
68,6400	0,0092
68,7000	0,0169
68,7600	0,0220
68,8200	0,0232
68,8800	0,0194
68,9400	0,0143
69,0000	0,0207
69,0600	0,0258
69,1200	0,0347
69,1800	0,0105
69,2400	0,0194
69,3000	0,0220
69,3600	0,0232
69,4200	0,0092
69,4800	0,0181
69,5400	0,0232
69,6000	0,0258
69,6600	0,0220
69,7200	0,0194
69,7800	0,0029
69,8400	0,0359
69,9000	0,0207
69,9600	0,0169
70,0200	0,0245
70,0800	0,0245
70,1400	0,0296
70,2000	0,0283
70,2600	0,0220
70,3200	0,0131
70,3800	0,0194
70,4400	0,0258
70,5000	0,0220
70,5600	0,0181
70,6200	0,0156
70,6800	0,0143
70,7400	0,0105
70,8000	0,0245
70,8600	0,0220
70,9200	0,0232
70,9800	0,0220
71,0400	0,0181
71,1000	0,0270
71,1600	0,0283
71,2200	0,0131
71,2800	0,0258
71,3400	0,0232
71,4000	0,0385
71,4600	0,0283
71,5200	0,0258
71,5800	0,0194
71,6400	0,0131
71,7000	0,0207
71,7600	0,0156
71,8200	0,0207
71,8800	0,0232
71,9400	0,0296
72,0000	0,0169
72,0600	0,0143
72,1200	0,0105
72,1800	0,0258
72,2400	0,0169
72,3000	0,0232
72,3600	0,0169
72,4200	0,0296
72,4800	0,0207
72,5400	0,0309
72,6000	0,0232
72,6600	0,0029
72,7200	0,0169
72,7800	0,0181
72,8400	0,0207
72,9000	0,0232
72,9600	0,0283
73,0200	0,0232
73,0800	0,0194
73,1400	0,0169
73,2000	0,0194
73,2600	0,0194
73,3200	0,0207
73,3800	0,0283
73,4400	0,0143
73,5000	0,0258
73,5600	0,0118
73,6200	0,0258
73,6800	0,0118
73,7400	0,0131
73,8000	0,0220
73,8600	0,0245
73,9200	0,0270
73,9800	0,0232
74,0400	0,0169
74,1000	0,0105
74,1600	0,0347
74,2200	0,0067
74,2800	0,0156
74,3400	0,0169
74,4000	0,0080
74,4600	0,0321
74,5200	0,0245
74,5800	0,0207
74,6400	0,0296
74,7000	0,0270
74,7600	0,0258
74,8200	0,0156
74,8800	0,0131
74,9400	0,0194
75,0000	0,0423
75,0600	0,0181
75,1200	0,0296
75,1800	0,0258
75,2400	0,0181
75,3000	0,0309
75,3600	0,0143
75,4200	0,0270
75,4800	0,0194
75,5400	0,0118
75,6000	0,0169
75,6600	0,0245
75,7200	0,0359
75,7800	0,0232
75,8400	0,0194
75,9000	0,0232
75,9600	0,0245
76,0200	0,0258
76,0800	0,0067
76,1400	0,0309
76,2000	0,0118
76,2600	0,0169
76,3200	0,0118
76,3800	0,0207
76,4400	0,0156
76,5000	0,0283
76,5600	0,0131
76,6200	0,0207
76,6800	0,0131
76,7400	0,0372
76,8000	0,0131
76,8600	0,0372
76,9200	0,0207
76,9800	0,0270
77,0400	0,0169
77,1000	0,0321
77,1600	0,0092
77,2200	0,0245
77,2800	0,0118
77,3400	0,0105
77,4000	0,0181
77,4600	0,0131
77,5200	0,0296
77,5800	0,0156
77,6400	0,0309
77,7000	0,0258
77,7600	0,0258
77,8200	0,0131
77,8800	0,0334
77,9400	0,0194
78,0000	0,0181
78,0600	0,0220
78,1200	0,0232
78,1800	0,0232
78,2400	0,0118
78,3000	0,0156
78,3600	0,0334
78,4200	0,0359
78,4800	0,0169
78,5400	0,0181
78,6000	0,0092
78,6600	0,0169
78,7200	0,0220
78,7800	0,0131
78,8400	0,0258
78,9000	0,0321
78,9600	0,0194
79,0200	0,0118
79,0800	0,0245
79,1400	0,0207
79,2000	0,0118
79,2600	0,0232
79,3200	0,0258
79,3800	0,0232
79,4400	0,0156
79,5000	0,0258
79,5600	0,0232
79,6200	0,0321
79,6800	0,0105
79,7400	0,0092
79,8000	0,0118
79,8600	0,0156
79,9200	0,0220
79,9800	0,0220
80,0400	0,0207
80,1000	0,0194
80,1600	0,0143
80,2200	0,0220
80,2800	0,0194
80,3400	0,0309
80,4000	0,0270
80,4600	0,0169
80,5200	0,0143
80,5800	0,0245
80,6400	0,0194
80,7000	0,0270
80,7600	0,0207
80,8200	0,0156
80,8800	0,0169
80,9400	0,0092
81,0000	0,0296
81,0600	0,0131
81,1200	0,0347
81,1800	0,0169
81,2400	0,0092
81,3000	0,0169
81,3600	0,0258
81,4200	0,0118
81,4800	0,0220
81,5400	0,0181
81,6000	0,0131
81,6600	0,0410
81,7200	0,0194
81,7800	0,0232
81,8400	0,0232
81,9000	0,0156
81,9600	0,0296
82,0200	0,0169
82,0800	0,0245
82,1400	0,0359
82,2000	0,0181
82,2600	0,0385
82,3200	0,0321
82,3800	0,0118
82,4400	0,0220
82,5000	0,0143
82,5600	0,0309
82,6200	0,0321
82,6800	0,0169
82,7400	0,0423
82,8000	0,0156
82,8600	0,0143
82,9200	0,0181
82,9800	0,0080
83,0400	0,0092
83,1000	0,0092
83,1600	0,0169
83,2200	0,0181
83,2800	0,0092
83,3400	0,0169
83,4000	0,0016
83,4600	0,0169
83,5200	0,0296
83,5800	0,0245
83,6400	0,0105
83,7000	0,0245
83,7600	0,0283
83,8200	0,0283
83,8800	0,0118
83,9400	0,0359
84,0000	0,0258
84,0600	0,0181
84,1200	0,0156
84,1800	0,0296
84,2400	0,0296
84,3000	0,0270
84,3600	0,0283
84,4200	0,0131
84,4800	0,0232
84,5400	0,0321
84,6000	0,0245
84,6600	0,0194
84,7200	0,0156
84,7800	0,0296
84,8400	0,0105
84,9000	0,0092
84,9600	0,0118
85,0200	0,0270
85,0800	0,0220
85,1400	0,0194
85,2000	0,0181
85,2600	0,0245
85,3200	0,0207
85,3800	0,0220
85,4400	0,0156
85,5000	0,0220
85,5600	0,0372
85,6200	0,0385
85,6800	0,0359
85,7400	0,0207
85,8000	0,0080
85,8600	0,0181
85,9200	0,0194
85,9800	0,0334
86,0400	0,0258
86,1000	0,0143
86,1600	0,0220
86,2200	0,0232
86,2800	0,0258
86,3400	0,0270
86,4000	0,0347
86,4600	0,0220
86,5200	0,0105
86,5800	0,0207
86,6400	0,0207
86,7000	0,0220
86,7600	0,0143
86,8200	0,0181
86,8800	0,0194
86,9400	0,0131
87,0000	0,0220
87,0600	0,0220
87,1200	0,0105
87,1800	0,0067
87,2400	0,0220
87,3000	0,0296
87,3600	0,0220
87,4200	0,0347
87,4800	0,0232
87,5400	0,0169
87,6000	0,0321
87,6600	0,0296
87,7200	0,0194
87,7800	0,0169
87,8400	0,0169
87,9000	0,0283
87,9600	0,0309
88,0200	0,0181
88,0800	0,0245
88,1400	0,0156
88,2000	0,0181
88,2600	0,0118
88,3200	0,0258
88,3800	0,0245
88,4400	0,0220
88,5000	0,0092
88,5600	0,0270
88,6200	0,0309
88,6800	0,0258
88,7400	0,0245
88,8000	0,0143
88,8600	0,0270
88,9200	0,0283
88,9800	0,0207
89,0400	0,0245
89,1000	0,0270
89,1600	0,0220
89,2200	0,0080
89,2800	0,0169
89,3400	0,0283
89,4000	0,0245
89,4600	0,0194
89,5200	0,0169
89,5800	0,0232
89,6400	0,0118
89,7000	0,0207
89,7600	0,0016
89,8200	0,0220
89,8800	0,0156
89,9400	0,0296
90,0000	0,0181
90,0600	0,0156
90,1200	0,0283
90,1800	0,0156
90,2400	0,0080
90,3000	0,0143
90,3600	0,0105
90,4200	0,0220
90,4800	0,0258
90,5400	0,0270
90,6000	0,0296
90,6600	0,0207
90,7200	0,0296
90,7800	0,0131
90,8400	0,0258
90,9000	0,0131
90,9600	0,0296
91,0200	0,0258
91,0800	0,0181
91,1400	0,0105
91,2000	0,0270
91,2600	0,0309
91,3200	0,0296
91,3800	0,0283
91,4400	0,0270
91,5000	0,0359
91,5600	0,0181
91,6200	0,0156
91,6800	0,0143
91,7400	0,0270
91,8000	0,0194
91,8600	0,0181
91,9200	0,0220
91,9800	0,0169
92,0400	0,0359
92,1000	0,0181
92,1600	0,0131
92,2200	0,0232
92,2800	0,0156
92,3400	0,0220
92,4000	0,0169
92,4600	0,0118
92,5200	0,0283
92,5800	0,0143
92,6400	0,0258
92,7000	0,0131
92,7600	0,0220
92,8200	0,0042
92,8800	0,0194
92,9400	0,0118
93,0000	0,0334
93,0600	0,0245
93,1200	0,0245
93,1800	0,0194
93,2400	0,0169
93,3000	0,0194
93,3600	0,0258
93,4200	0,0207
93,4800	0,0169
93,5400	0,0245
93,6000	0,0258
93,6600	0,0245
93,7200	0,0321
93,7800	0,0169
93,8400	0,0194
93,9000	0,0296
93,9600	0,0220
94,0200	0,0309
94,0800	0,0258
94,1400	0,0131
94,2000	0,0156
94,2600	0,0232
94,3200	0,0092
94,3800	0,0194
94,4400	0,0169
94,5000	0,0232
94,5600	0,0169
94,6200	0,0131
94,6800	0,0080
94,7400	0,0245
94,8000	0,0194
94,8600	0,0270
94,9200	0,0283
94,9800	0,0169
95,0400	0,0131
95,1000	0,0245
95,1600	0,0118
95,2200	0,0080
95,2800	0,0258
95,3400	0,0092
95,4000	0,0207
95,4600	0,0143
95,5200	0,0207
95,5800	0,0270
95,6400	0,0232
95,7000	0,0143
95,7600	0,0232
95,8200	0,0232
95,8800	0,0092
95,9400	0,0270
96,0000	0,0372
96,0600	0,0232
96,1200	0,0118
96,1800	0,0270
96,2400	0,0143
96,3000	0,0220
96,3600	0,0118
96,4200	0,0118
96,4800	0,0258
96,5400	0,0283
96,6000	0,0105
96,6600	0,0143
96,7200	0,0220
96,7800	0,0156
96,8400	0,0194
96,9000	0,0207
96,9600	0,0169
97,0200	0,0220
97,0800	0,0169
97,1400	0,0194
97,2000	0,0156
97,2600	0,0169
97,3200	0,0169
97,3800	0,0118
97,4400	0,0207
97,5000	0,0131
97,5600	0,0156
97,6200	0,0181
97,6800	0,0232
97,7400	0,0258
97,8000	0,0220
97,8600	0,0270
97,9200	0,0131
97,9800	0,0232
98,0400	0,0131
98,1000	0,0156
98,1600	0,0220
98,2200	0,0207
98,2800	0,0194
98,3400	0,0207
98,4000	0,0220
98,4600	0,0194
98,5200	0,0207
98,5800	0,0181
98,6400	0,0245
98,7000	0,0245
98,7600	0,0283
98,8200	0,0169
98,8800	0,0169
98,9400	0,0169
99,0000	0,0220
99,0600	0,0296
99,1200	0,0245
99,1800	0,0245
99,2400	0,0156
99,3000	0,0169
99,3600	0,0283
99,4200	0,0105
99,4800	0,0270
99,5400	0,0258
99,6000	0,0092
99,6600	0,0143
99,7200	0,0080
99,7800	0,0232
99,8400	0,0232
99,9000	0,0131
99,9600	0,0092
100,0200	0,0207
100,0800	0,0220
100,1400	0,0245
100,2000	0,0194
100,2600	0,0207
100,3200	0,0143
100,3800	0,0283
100,4400	0,0181
100,5000	0,0169
100,5600	0,0283
100,6200	0,0181
100,6800	0,0194
100,7400	0,0194
100,8000	0,0220
100,8600	0,0207
100,9200	0,0283
100,9800	0,0181
101,0400	0,0131
101,1000	0,0194
101,1600	0,0194
101,2200	0,0105
101,2800	0,0283
101,3400	0,0207
101,4000	0,0156
101,4600	0,0220
101,5200	0,0181
101,5800	0,0245
101,6400	0,0156
101,7000	0,0118
101,7600	0,0296
101,8200	0,0156
101,8800	0,0143
101,9400	0,0309
102,0000	0,0143
102,0600	0,0207
102,1200	0,0118
102,1800	0,0207
102,2400	0,0258
102,3000	0,0220
102,3600	0,0258
102,4200	0,0258
102,4800	0,0232
102,5400	0,0194
102,6000	0,0245
102,6600	0,0118
102,7200	0,0220
102,7800	0,0156
102,8400	0,0131
102,9000	0,0181
102,9600	0,0131
103,0200	0,0131
103,0800	0,0194
103,1400	0,0080
103,2000	0,0270
103,2600	0,0156
103,3200	0,0372
103,3800	0,0169
103,4400	0,0181
103,5000	0,0169
103,5600	0,0156
103,6200	0,0296
103,6800	0,0296
103,7400	0,0169
103,8000	0,0245
103,8600	0,0207
103,9200	0,0270
103,9800	0,0131
104,0400	0,0232
104,1000	0,0232
104,1600	0,0092
104,2200	0,0169
104,2800	0,0156
104,3400	0,0296
104,4000	0,0092
104,4600	0,0334
104,5200	0,0194
104,5800	0,0105
104,6400	0,0143
104,7000	0,0156
104,7600	0,0232
104,8200	0,0270
104,8800	0,0156
104,9400	0,0347
105,0000	0,0258
105,0600	0,0042
105,1200	0,0194
105,1800	0,0270
105,2400	0,0131
105,3000	0,0194
105,3600	0,0181
105,4200	0,0347
105,4800	0,0118
105,5400	0,0220
105,6000	0,0143
105,6600	0,0207
105,7200	0,0169
105,7800	0,0181
105,8400	0,0118
105,9000	0,0207
105,9600	0,0245
106,0200	0,0245
106,0800	0,0245
106,1400	0,0258
106,2000	0,0169
106,2600	0,0143
106,3200	0,0194
106,3800	0,0143
106,4400	0,0092
106,5000	0,0359
106,5600	0,0156
106,6200	0,0270
106,6800	0,0118
106,7400	0,0258
106,8000	0,0067
106,8600	0,0321
106,9200	0,0334
106,9800	0,0156
107,0400	0,0207
107,1000	0,0296
107,1600	0,0207
107,2200	0,0270
107,2800	0,0207
107,3400	0,0334
107,4000	0,0105
107,4600	0,0143
107,5200	0,0220
107,5800	0,0080
107,6400	0,0169
107,7000	0,0258
107,7600	0,0232
107,8200	0,0410
107,8800	0,0143
107,9400	0,0131
108,0000	0,0194
108,0600	0,0156
108,1200	0,0220
108,1800	0,0232
108,2400	0,0143
108,3000	0,0105
108,3600	0,0156
108,4200	0,0016
108,4800	0,0169
108,5400	0,0092
108,6000	0,0220
108,6600	0,0258
108,7200	0,0194
108,7800	0,0169
108,8400	0,0169
108,9000	0,0181
108,9600	0,0143
109,0200	0,0080
109,0800	0,0181
109,1400	0,0245
109,2000	0,0296
109,2600	0,0283
109,3200	0,0143
109,3800	0,0181
109,4400	0,0245
109,5000	0,0258
109,5600	0,0194
109,6200	0,0194
109,6800	0,0270
109,7400	0,0321
109,8000	0,0169
109,8600	0,0143
109,9200	0,0258
109,9800	0,0258
110,0400	0,0042
110,1000	0,0131
110,1600	0,0156
110,2200	0,0207
110,2800	0,0296
110,3400	0,0156
110,4000	0,0258
110,4600	0,0283
110,5200	0,0207
110,5800	0,0207
110,6400	0,0194
110,7000	0,0169
110,7600	0,0220
110,8200	0,0194
110,8800	0,0181
110,9400	0,0143
111,0000	0,0220
111,0600	0,0207
111,1200	0,0143
111,1800	0,0181
111,2400	0,0181
111,3000	0,0258
111,3600	0,0232
111,4200	0,0092
111,4800	0,0220
111,5400	0,0156
111,6000	0,0181
111,6600	0,0232
111,7200	0,0143
111,7800	0,0207
111,8400	0,0359
111,9000	0,0029
111,9600	0,0245
112,0200	0,0207
112,0800	0,0067
112,1400	0,0181
112,2000	0,0270
112,2600	0,0232
112,3200	0,0194
112,3800	0,0283
112,4400	0,0080
112,5000	0,0194
112,5600	0,0143
112,6200	0,0131
112,6800	0,0118
112,7400	0,0194
112,8000	0,0181
112,8600	0,0207
112,9200	0,0169
112,9800	0,0245
113,0400	0,0232
113,1000	0,0194
113,1600	0,0194
113,2200	0,0169
113,2800	0,0270
113,3400	0,0169
113,4000	0,0232
113,4600	0,0143
113,5200	0,0169
113,5800	0,0270
113,6400	0,0258
113,7000	0,0194
113,7600	0,0169
113,8200	0,0258
113,8800	0,0232
113,9400	0,0220
114,0000	0,0270
114,0600	0,0181
114,1200	0,0283
114,1800	0,0181
114,2400	0,0067
114,3000	0,0220
114,3600	0,0220
114,4200	0,0131
114,4800	0,0169
114,5400	0,0143
114,6000	0,0270
114,6600	0,0143
114,7200	0,0232
114,7800	0,0169
114,8400	0,0207
114,9000	0,0296
114,9600	0,0156
115,0200	0,0232
115,0800	0,0194
115,1400	0,0156
115,2000	0,0207
115,2600	0,0207
115,3200	0,0143
115,3800	0,0156
115,4400	0,0232
115,5000	0,0220
115,5600	0,0169
115,6200	0,0143
115,6800	0,0156
115,7400	0,0131
115,8000	0,0194
115,8600	0,0296
115,9200	0,0270
115,9800	0,0156
116,0400	0,0181
116,1000	0,0169
116,1600	0,0270
116,2200	0,0169
116,2800	0,0156
116,3400	0,0143
116,4000	0,0245
116,4600	0,0296
116,5200	0,0207
116,5800	0,0220
116,6400	0,0143
116,7000	0,0245
116,7600	0,0232
116,8200	0,0220
116,8800	0,0220
116,9400	0,0131
117,0000	0,0143
117,0600	0,0105
117,1200	0,0156
117,1800	0,0258
117,2400	0,0296
117,3000	0,0232
117,3600	0,0207
117,4200	0,0169
117,4800	0,0143
117,5400	0,0194
117,6000	0,0245
117,6600	0,0169
117,7200	0,0220
117,7800	0,0207
117,8400	0,0258
117,9000	0,0258
117,9600	0,0169
118,0200	0,0245
118,0800	0,0245
118,1400	0,0207
118,2000	0,0169
118,2600	0,0194
118,3200	0,0156
118,3800	0,0131
118,4400	0,0270
118,5000	0,0232
118,5600	0,0156
118,6200	0,0194
118,6800	0,0232
118,7400	0,0245
118,8000	0,0143
118,8600	0,0143
118,9200	0,0181
118,9800	0,0258
119,0400	0,0270
119,1000	0,0232
119,1600	0,0258
119,2200	0,0181
119,2800	0,0131
119,3400	0,0181
119,4000	0,0092
119,4600	0,0207
119,5200	0,0118
119,5800	0,0118
119,6400	0,0296
119,7000	0,0207
119,7600	0,0118
119,8200	0,0156
119,8800	0,0169
119,9400	0,0220
120,0000	0,0309
120,0600	0,0220
120,1200	0,0232
120,1800	0,0181
120,2400	0,0309
120,3000	0,0105
120,3600	0,0270
120,4200	0,0207
120,4800	0,0232
120,5400	0,0232
120,6000	0,0118
120,6600	0,0131
120,7200	0,0258
120,7800	0,0042
120,8400	0,0181
120,9000	0,0092
120,9600	0,0296
121,0200	0,0270
121,0800	0,0105
121,1400	0,0105
121,2000	0,0143
121,2600	0,0092
121,3200	0,0156
121,3800	0,0232
121,4400	0,0309
121,5000	0,0131
121,5600	0,0296
121,6200	0,0156
121,6800	0,0270
121,7400	0,0270
121,8000	0,0207
121,8600	0,0270
121,9200	0,0296
121,9800	0,0131
122,0400	0,0156
122,1000	0,0232
122,1600	0,0283
122,2200	0,0283
122,2800	0,0220
122,3400	0,0220
122,4000	0,0067
122,4600	0,0105
122,5200	0,0245
122,5800	0,0092
122,6400	0,0207
122,7000	0,0169
122,7600	0,0245
122,8200	0,0118
122,8800	0,0194
122,9400	0,0347
123,0000	0,0309
123,0600	0,0245
123,1200	0,0321
123,1800	0,0181
123,2400	0,0207
123,3000	0,0080
123,3600	0,0156
123,4200	0,0194
123,4800	0,0118
123,5400	0,0258
123,6000	0,0296
123,6600	0,0245
123,7200	0,0232
123,7800	0,0194
123,8400	0,0143
123,9000	0,0042
123,9600	0,0207
124,0200	0,0181
124,0800	0,0232
124,1400	0,0054
124,2000	0,0080
124,2600	0,0245
124,3200	0,0194
124,3800	0,0309
124,4400	0,0207
124,5000	0,0194
124,5600	0,0092
124,6200	0,0194
124,6800	0,0207
124,7400	0,0194
124,8000	0,0207
124,8600	0,0232
124,9200	0,0232
124,9800	0,0181
125,0400	0,0143
125,1000	0,0131
125,1600	0,0092
125,2200	0,0105
125,2800	0,0080
125,3400	0,0245
125,4000	0,0232
125,4600	0,0283
125,5200	0,0347
125,5800	0,0143
125,6400	0,0080
125,7000	0,0321
125,7600	0,0220
125,8200	0,0156
125,8800	0,0181
125,9400	0,0194
126,0000	0,0194
126,0600	0,0220
126,1200	0,0194
126,1800	0,0258
126,2400	0,0245
126,3000	0,0232
126,3600	0,0156
126,4200	0,0270
126,4800	0,0181
126,5400	0,0169
126,6000	0,0169
126,6600	0,0245
126,7200	0,0194
126,7800	0,0258
126,8400	0,0347
126,9000	0,0194
126,9600	0,0232
127,0200	0,0131
127,0800	0,0194
127,1400	0,0181
127,2000	0,0105
127,2600	0,0194
127,3200	0,0181
127,3800	0,0181
127,4400	0,0143
127,5000	0,0220
127,5600	0,0181
127,6200	0,0283
127,6800	0,0232
127,7400	0,0220
127,8000	0,0131
127,8600	0,0194
127,9200	0,0080
127,9800	0,0258
128,0400	0,0220
128,1000	0,0220
128,1600	0,0232
128,2200	0,0169
128,2800	0,0105
128,3400	0,0131
128,4000	0,0232
128,4600	0,0220
128,5200	0,0334
128,5800	0,0207
128,6400	0,0105
128,7000	0,0143
128,7600	0,0181
128,8200	0,0270
128,8800	0,0296
128,9400	0,0232
129,0000	0,0169
129,0600	0,0283
129,1200	0,0118
129,1800	0,0156
129,2400	0,0181
129,3000	0,0156
129,3600	0,0169
129,4200	0,0143
129,4800	0,0181
129,5400	0,0296
129,6000	0,0270
129,6600	0,0169
129,7200	0,0258
129,7800	0,0321
129,8400	0,0220
129,9000	0,0092
129,9600	0,0207
130,0200	0,0334
130,0800	0,0143
130,1400	0,0220
130,2000	0,0245
130,2600	0,0309
130,3200	0,0181
130,3800	0,0181
130,4400	0,0207
130,5000	0,0245
130,5600	0,0220
130,6200	0,0220
130,6800	0,0258
130,7400	0,0181
130,8000	0,0143
130,8600	0,0258
130,9200	0,0258
130,9800	0,0143
131,0400	0,0258
131,1000	0,0258
131,1600	0,0169
131,2200	0,0245
131,2800	0,0245
131,3400	0,0207
131,4000	0,0118
131,4600	0,0220
131,5200	0,0321
131,5800	0,0232
131,6400	0,0181
131,7000	0,0169
131,7600	0,0143
131,8200	0,0461
131,8800	0,0156
131,9400	0,0270
132,0000	0,0220
132,0600	0,0283
132,1200	0,0181
132,1800	0,0258
132,2400	0,0181
132,3000	0,0181
132,3600	0,0283
132,4200	0,0207
132,4800	0,0296
132,5400	0,0309
132,6000	0,0194
132,6600	0,0131
132,7200	0,0220
132,7800	0,0283
132,8400	0,0207
132,9000	0,0220
132,9600	0,0321
133,0200	0,0347
133,0800	0,0181
133,1400	0,0309
133,2000	0,0194
133,2600	0,0169
133,3200	0,0283
133,3800	0,0194
133,4400	0,0169
133,5000	0,0194
133,5600	0,0270
133,6200	0,0232
133,6800	0,0143
133,7400	0,0207
133,8000	0,0181
133,8600	0,0321
133,9200	0,0181
133,9800	0,0245
134,0400	0,0220
134,1000	0,0143
134,1600	0,0245
134,2200	0,0169
134,2800	0,0207
134,3400	0,0169
134,4000	0,0080
134,4600	0,0372
134,5200	0,0385
134,5800	0,0270
134,6400	0,0258
134,7000	0,0143
134,7600	0,0169
134,8200	0,0220
134,8800	0,0194
134,9400	0,0220
135,0000	0,0270
135,0600	0,0181
135,1200	0,0258
135,1800	0,0283
135,2400	0,0220
135,3000	0,0143
135,3600	0,0232
135,4200	0,0156
135,4800	0,0283
135,5400	0,0232
135,6000	0,0270
135,6600	0,0283
135,7200	0,0080
135,7800	0,0194
135,8400	0,0258
135,9000	0,0092
135,9600	0,0283
136,0200	0,0245
136,0800	0,0347
136,1400	0,0296
136,2000	0,0220
136,2600	0,0359
136,3200	0,0092
136,3800	0,0131
136,4400	0,0181
136,5000	0,0220
136,5600	0,0359
136,6200	0,0258
136,6800	0,0156
136,7400	0,0270
136,8000	0,0220
136,8600	0,0283
136,9200	0,0283
136,9800	0,0156
137,0400	0,0372
137,1000	0,0118
137,1600	0,0321
137,2200	0,0143
137,2800	0,0309
137,3400	0,0181
137,4000	0,0181
137,4600	0,0181
137,5200	0,0283
137,5800	0,0220
137,6400	0,0207
137,7000	0,0207
137,7600	0,0334
137,8200	0,0321
137,8800	0,0296
137,9400	0,0309
138,0000	0,0283
138,0600	0,0321
138,1200	0,0156
138,1800	0,0156
138,2400	0,0347
138,3000	0,0270
138,3600	0,0220
138,4200	0,0181
138,4800	0,0220
138,5400	0,0283
138,6000	0,0359
138,6600	0,0220
138,7200	0,0372
138,7800	0,0092
138,8400	0,0232
138,9000	0,0359
138,9600	0,0436
139,0200	0,0054
139,0800	0,0321
139,1400	0,0194
139,2000	0,0169
139,2600	0,0347
139,3200	0,0321
139,3800	0,0270
139,4400	0,0270
139,5000	0,0347
139,5600	0,0143
139,6200	0,0347
139,6800	0,0245
139,7400	0,0283
139,8000	0,0181
139,8600	0,0270
139,9200	0,0321
139,9800	0,0220
140,0400	0,0245
140,1000	0,0359
140,1600	0,0194
140,2200	0,0258
140,2800	0,0245
140,3400	0,0410
140,4000	0,0334
140,4600	0,0169
140,5200	0,0207
140,5800	0,0143
140,6400	0,0347
140,7000	0,0334
140,7600	0,0245
140,8200	0,0283
140,8800	0,0309
140,9400	0,0283
141,0000	0,0359
141,0600	0,0232
141,1200	0,0181
141,1800	0,0461
141,2400	0,0207
141,3000	0,0334
141,3600	0,0321
141,4200	0,0156
141,4800	0,0232
141,5400	0,0156
141,6000	0,0309
141,6600	0,0131
141,7200	0,0321
141,7800	0,0359
141,8400	0,0156
141,9000	0,0296
141,9600	0,0194
142,0200	0,0309
142,0800	0,0245
142,1400	0,0270
142,2000	0,0270
142,2600	0,0232
142,3200	0,0270
142,3800	0,0385
142,4400	0,0283
142,5000	0,0334
142,5600	0,0232
142,6200	0,0372
142,6800	0,0245
142,7400	0,0398
142,8000	0,0347
142,8600	0,0232
142,9200	0,0283
142,9800	0,0232
143,0400	0,0245
143,1000	0,0169
143,1600	0,0321
143,2200	0,0232
143,2800	0,0334
143,3400	0,0461
143,4000	0,0258
143,4600	0,0232
143,5200	0,0258
143,5800	0,0245
143,6400	0,0296
143,7000	0,0245
143,7600	0,0194
143,8200	0,0220
143,8800	0,0347
143,9400	0,0385
144,0000	0,0270
144,0600	0,0220
144,1200	0,0296
144,1800	0,0207
144,2400	0,0436
144,3000	0,0334
144,3600	0,0347
144,4200	0,0347
144,4800	0,0398
144,5400	0,0334
144,6000	0,0423
144,6600	0,0398
144,7200	0,0181
144,7800	0,0359
144,8400	0,0258
144,9000	0,0474
144,9600	0,0245
145,0200	0,0321
145,0800	0,0474
145,1400	0,0334
145,2000	0,0359
145,2600	0,0334
145,3200	0,0245
145,3800	0,0423
145,4400	0,0270
145,5000	0,0232
145,5600	0,0258
145,6200	0,0321
145,6800	0,0220
145,7400	0,0321
145,8000	0,0220
145,8600	0,0258
145,9200	0,0347
145,9800	0,0499
146,0400	0,0372
146,1000	0,0207
146,1600	0,0359
146,2200	0,0258
146,2800	0,0258
146,3400	0,0207
146,4000	0,0245
146,4600	0,0309
146,5200	0,0270
146,5800	0,0398
146,6400	0,0372
146,7000	0,0283
146,7600	0,0232
146,8200	0,0220
146,8800	0,0334
146,9400	0,0398
147,0000	0,0245
147,0600	0,0436
147,1200	0,0359
147,1800	0,0207
147,2400	0,0334
147,3000	0,0436
147,3600	0,0296
147,4200	0,0372
147,4800	0,0410
147,5400	0,0207
147,6000	0,0398
147,6600	0,0385
147,7200	0,0512
147,7800	0,0283
147,8400	0,0448
147,9000	0,0398
147,9600	0,0461
148,0200	0,0410
148,0800	0,0372
148,1400	0,0334
148,2000	0,0194
148,2600	0,0487
148,3200	0,0296
148,3800	0,0372
148,4400	0,0537
148,5000	0,0334
148,5600	0,0372
148,6200	0,0398
148,6800	0,0321
148,7400	0,0423
148,8000	0,0525
148,8600	0,0347
148,9200	0,0334
148,9800	0,0448
149,0400	0,0321
149,1000	0,0512
149,1600	0,0372
149,2200	0,0321
149,2800	0,0359
149,3400	0,0461
149,4000	0,0270
149,4600	0,0423
149,5200	0,0334
149,5800	0,0359
149,6400	0,0499
149,7000	0,0220
149,7600	0,0525
149,8200	0,0436
149,8800	0,0410
149,9400	0,0270
150,0000	0,0537
150,0600	0,0461
150,1200	0,0359
150,1800	0,0499
150,2400	0,0334
150,3000	0,0321
150,3600	0,0309
150,4200	0,0639
150,4800	0,0474
150,5400	0,0461
150,6000	0,0436
150,6600	0,0639
150,7200	0,0385
150,7800	0,0614
150,8400	0,0639
150,9000	0,0359
150,9600	0,0512
151,0200	0,0359
151,0800	0,0499
151,1400	0,0550
151,2000	0,0372
151,2600	0,0321
151,3200	0,0512
151,3800	0,0499
151,4400	0,0385
151,5000	0,0359
151,5600	0,0499
151,6200	0,0423
151,6800	0,0499
151,7400	0,0347
151,8000	0,0652
151,8600	0,0321
151,9200	0,0359
151,9800	0,0576
152,0400	0,0423
152,1000	0,0487
152,1600	0,0436
152,2200	0,0334
152,2800	0,0461
152,3400	0,0448
152,4000	0,0626
152,4600	0,0512
152,5200	0,0410
152,5800	0,0601
152,6400	0,0563
152,7000	0,0410
152,7600	0,0614
152,8200	0,0512
152,8800	0,0448
152,9400	0,0372
153,0000	0,0576
153,0600	0,0588
153,1200	0,0741
153,1800	0,0410
153,2400	0,0334
153,3000	0,0423
153,3600	0,0423
153,4200	0,0436
153,4800	0,0372
153,5400	0,0321
153,6000	0,0626
153,6600	0,0436
153,7200	0,0448
153,7800	0,0474
153,8400	0,0626
153,9000	0,0576
153,9600	0,0690
154,0200	0,0410
154,0800	0,0677
154,1400	0,0639
154,2000	0,0359
154,2600	0,0385
154,3200	0,0626
154,3800	0,0512
154,4400	0,0537
154,5000	0,0601
154,5600	0,0474
154,6200	0,0461
154,6800	0,0652
154,7400	0,0436
154,8000	0,0563
154,8600	0,0487
154,9200	0,0474
154,9800	0,0690
155,0400	0,0563
155,1000	0,0334
155,1600	0,0576
155,2200	0,0525
155,2800	0,0537
155,3400	0,0842
155,4000	0,0296
155,4600	0,0728
155,5200	0,0601
155,5800	0,0576
155,6400	0,0703
155,7000	0,0741
155,7600	0,0715
155,8200	0,0423
155,8800	0,0550
155,9400	0,0487
156,0000	0,0576
156,0600	0,0410
156,1200	0,0665
156,1800	0,0804
156,2400	0,0436
156,3000	0,0677
156,3600	0,0779
156,4200	0,0715
156,4800	0,0499
156,5400	0,0614
156,6000	0,0703
156,6600	0,0639
156,7200	0,0639
156,7800	0,0957
156,8400	0,0423
156,9000	0,0652
156,9600	0,0563
157,0200	0,0881
157,0800	0,0499
157,1400	0,0652
157,2000	0,0665
157,2600	0,0741
157,3200	0,0817
157,3800	0,0512
157,4400	0,0753
157,5000	0,0792
157,5600	0,0601
157,6200	0,0499
157,6800	0,0665
157,7400	0,0563
157,8000	0,0652
157,8600	0,0639
157,9200	0,0868
157,9800	0,0576
158,0400	0,0804
158,1000	0,0601
158,1600	0,0957
158,2200	0,0550
158,2800	0,0665
158,3400	0,0766
158,4000	0,0588
158,4600	0,0715
158,5200	0,0817
158,5800	0,0741
158,6400	0,0639
158,7000	0,0779
158,7600	0,0550
158,8200	0,0779
158,8800	0,0652
158,9400	0,0779
159,0000	0,0677
159,0600	0,0537
159,1200	0,0817
159,1800	0,0614
159,2400	0,0995
159,3000	0,0715
159,3600	0,0830
159,4200	0,0919
159,4800	0,0741
159,5400	0,0868
159,6000	0,0639
159,6600	0,0842
159,7200	0,0906
159,7800	0,0741
159,8400	0,0779
159,9000	0,0817
159,9600	0,0779
160,0200	0,0881
160,0800	0,0487
160,1400	0,0842
160,2000	0,0944
160,2600	0,0487
160,3200	0,1160
160,3800	0,0372
160,4400	0,0817
160,5000	0,0842
160,5600	0,0537
160,6200	0,0804
160,6800	0,0652
160,7400	0,0817
160,8000	0,0792
160,8600	0,0741
160,9200	0,0753
160,9800	0,1109
161,0400	0,1160
161,1000	0,0525
161,1600	0,1071
161,2200	0,0576
161,2800	0,0970
161,3400	0,0881
161,4000	0,0919
161,4600	0,0957
161,5200	0,0652
161,5800	0,0893
161,6400	0,0919
161,7000	0,1135
161,7600	0,0614
161,8200	0,0881
161,8800	0,0893
161,9400	0,0957
162,0000	0,0893
162,0600	0,0842
162,1200	0,0982
162,1800	0,0703
162,2400	0,0804
162,3000	0,0881
162,3600	0,0982
162,4200	0,1046
162,4800	0,1160
162,5400	0,0779
162,6000	0,1148
162,6600	0,1135
162,7200	0,0906
162,7800	0,1084
162,8400	0,0639
162,9000	0,1326
162,9600	0,0906
163,0200	0,1020
163,0800	0,0995
163,1400	0,1059
163,2000	0,0842
163,2600	0,1020
163,3200	0,0919
163,3800	0,1008
163,4400	0,0868
163,5000	0,0982
163,5600	0,0906
163,6200	0,1122
163,6800	0,1148
163,7400	0,1135
163,8000	0,1122
163,8600	0,1046
163,9200	0,0792
163,9800	0,0944
164,0400	0,0893
164,1000	0,1122
164,1600	0,1465
164,2200	0,0665
164,2800	0,1071
164,3400	0,0982
164,4000	0,1020
164,4600	0,0919
164,5200	0,0957
164,5800	0,1275
164,6400	0,1020
164,7000	0,0792
164,7600	0,1300
164,8200	0,1084
164,8800	0,1262
164,9400	0,1186
165,0000	0,1084
165,0600	0,1097
165,1200	0,1198
165,1800	0,1287
165,2400	0,0614
165,3000	0,1148
165,3600	0,0741
165,4200	0,1198
165,4800	0,0970
165,5400	0,1275
165,6000	0,1198
165,6600	0,0944
165,7200	0,1059
165,7800	0,0919
165,8400	0,1287
165,9000	0,1249
165,9600	0,1084
166,0200	0,0970
166,0800	0,1440
166,1400	0,0982
166,2000	0,1275
166,2600	0,1071
166,3200	0,1376
166,3800	0,0970
166,4400	0,1135
166,5000	0,1415
166,5600	0,1046
166,6200	0,1186
166,6800	0,0842
166,7400	0,1376
166,8000	0,1326
166,8600	0,1135
166,9200	0,1275
166,9800	0,1122
167,0400	0,1465
167,1000	0,1135
167,1600	0,1059
167,2200	0,1682
167,2800	0,1071
167,3400	0,1160
167,4000	0,1313
167,4600	0,1186
167,5200	0,1567
167,5800	0,1364
167,6400	0,1173
167,7000	0,1605
167,7600	0,1097
167,8200	0,1160
167,8800	0,1173
167,9400	0,1211
168,0000	0,1542
168,0600	0,1631
168,1200	0,1275
168,1800	0,1351
168,2400	0,1275
168,3000	0,1440
168,3600	0,1173
168,4200	0,1440
168,4800	0,1160
168,5400	0,1631
168,6000	0,1160
168,6600	0,1402
168,7200	0,1287
168,7800	0,1758
168,8400	0,1148
168,9000	0,1351
168,9600	0,1643
169,0200	0,1237
169,0800	0,1771
169,1400	0,1554
169,2000	0,1160
169,2600	0,1796
169,3200	0,1173
169,3800	0,1593
169,4400	0,1275
169,5000	0,1783
169,5600	0,1427
169,6200	0,1567
169,6800	0,1351
169,7400	0,1631
169,8000	0,1364
169,8600	0,1465
169,9200	0,1783
169,9800	0,1300
170,0400	0,1516
170,1000	0,1173
170,1600	0,1656
170,2200	0,1275
170,2800	0,1580
170,3400	0,1440
170,4000	0,1491
170,4600	0,1618
170,5200	0,1427
170,5800	0,1631
170,6400	0,1643
170,7000	0,1465
170,7600	0,1631
170,8200	0,1643
170,8800	0,1300
170,9400	0,1821
171,0000	0,1605
171,0600	0,1287
171,1200	0,1732
171,1800	0,1656
171,2400	0,1542
171,3000	0,1923
171,3600	0,1440
171,4200	0,1643
171,4800	0,1478
171,5400	0,2038
171,6000	0,1338
171,6600	0,1885
171,7200	0,1745
171,7800	0,1796
171,8400	0,1872
171,9000	0,1732
171,9600	0,1999
172,0200	0,1682
172,0800	0,1567
172,1400	0,1758
172,2000	0,1758
172,2600	0,1834
172,3200	0,1720
172,3800	0,1427
172,4400	0,1885
172,5000	0,1707
172,5600	0,1554
172,6200	0,2127
172,6800	0,1936
172,7400	0,2127
172,8000	0,1847
172,8600	0,1580
172,9200	0,1834
172,9800	0,1885
173,0400	0,1504
173,1000	0,2088
173,1600	0,1504
173,2200	0,2190
173,2800	0,1771
173,3400	0,2165
173,4000	0,1745
173,4600	0,1961
173,5200	0,2038
173,5800	0,1745
173,6400	0,2050
173,7000	0,2025
173,7600	0,1872
173,8200	0,1732
173,8800	0,2038
173,9400	0,1974
174,0000	0,2292
174,0600	0,1809
174,1200	0,2406
174,1800	0,1910
174,2400	0,2165
174,3000	0,2165
174,3600	0,2012
174,4200	0,1860
174,4800	0,2076
174,5400	0,1821
174,6000	0,1771
174,6600	0,2101
174,7200	0,2038
174,7800	0,2228
174,8400	0,2216
174,9000	0,2088
174,9600	0,1821
175,0200	0,2355
175,0800	0,1987
175,1400	0,2241
175,2000	0,2406
175,2600	0,2279
175,3200	0,1949
175,3800	0,1987
175,4400	0,2038
175,5000	0,2139
175,5600	0,2381
175,6200	0,2686
175,6800	0,2088
175,7400	0,2254
175,8000	0,2203
175,8600	0,2152
175,9200	0,2114
175,9800	0,2546
176,0400	0,1656
176,1000	0,2521
176,1600	0,2292
176,2200	0,2063
176,2800	0,2317
176,3400	0,1974
176,4000	0,2610
176,4600	0,2394
176,5200	0,1961
176,5800	0,2610
176,6400	0,2292
176,7000	0,2419
176,7600	0,2076
176,8200	0,1936
176,8800	0,3017
176,9400	0,1987
177,0000	0,2597
177,0600	0,2711
177,1200	0,2165
177,1800	0,2254
177,2400	0,2533
177,3000	0,2139
177,3600	0,2406
177,4200	0,2495
177,4800	0,2559
177,5400	0,2457
177,6000	0,2546
177,6600	0,2610
177,7200	0,2355
177,7800	0,2559
177,8400	0,1999
177,9000	0,2661
177,9600	0,2851
178,0200	0,2203
178,0800	0,2394
178,1400	0,2661
178,2000	0,3029
178,2600	0,2254
178,3200	0,2711
178,3800	0,2648
178,4400	0,2343
178,5000	0,2559
178,5600	0,2635
178,6200	0,2966
178,6800	0,2533
178,7400	0,2622
178,8000	0,2788
178,8600	0,2889
178,9200	0,2724
178,9800	0,2305
179,0400	0,3144
179,1000	0,2483
179,1600	0,2597
179,2200	0,3156
179,2800	0,2521
179,3400	0,2635
179,4000	0,2813
179,4600	0,3004
179,5200	0,2800
179,5800	0,2864
179,6400	0,3258
179,7000	0,2953
179,7600	0,3029
179,8200	0,2584
179,8800	0,2991
179,9400	0,2724
180,0000	0,3118
180,0600	0,2546
180,1200	0,3474
180,1800	0,2610
180,2400	0,2966
180,3000	0,3118
180,3600	0,3156
180,4200	0,2915
180,4800	0,3118
180,5400	0,2470
180,6000	0,3207
180,6600	0,3169
180,7200	0,2915
180,7800	0,3309
180,8400	0,3144
180,9000	0,3156
180,9600	0,3220
181,0200	0,3334
181,0800	0,3156
181,1400	0,3029
181,2000	0,2978
181,2600	0,3004
181,3200	0,3131
181,3800	0,3106
181,4400	0,2991
181,5000	0,3347
181,5600	0,3347
181,6200	0,2915
181,6800	0,3462
181,7400	0,3322
181,8000	0,3690
181,8600	0,3207
181,9200	0,3385
181,9800	0,3245
182,0400	0,3525
182,1000	0,3690
182,1600	0,2991
182,2200	0,3563
182,2800	0,3131
182,3400	0,3627
182,4000	0,3614
182,4600	0,2864
182,5200	0,3423
182,5800	0,3411
182,6400	0,2978
182,7000	0,3449
182,7600	0,3563
182,8200	0,3525
182,8800	0,3640
182,9400	0,3309
183,0000	0,3284
183,0600	0,3296
183,1200	0,3652
183,1800	0,3347
183,2400	0,3601
183,3000	0,3296
183,3600	0,3779
183,4200	0,3449
183,4800	0,2889
183,5400	0,4072
183,6000	0,3398
183,6600	0,3818
183,7200	0,3080
183,7800	0,3360
183,8400	0,3843
183,9000	0,3627
183,9600	0,3907
184,0200	0,3919
184,0800	0,3055
184,1400	0,3576
184,2000	0,3652
184,2600	0,3970
184,3200	0,3830
184,3800	0,3360
184,4400	0,4072
184,5000	0,3347
184,5600	0,3601
184,6200	0,3233
184,6800	0,3703
184,7400	0,3500
184,8000	0,3818
184,8600	0,3423
184,9200	0,3462
184,9800	0,3957
185,0400	0,3703
185,1000	0,4237
185,1600	0,3322
185,2200	0,4135
185,2800	0,3729
185,3400	0,3563
185,4000	0,3589
185,4600	0,3868
185,5200	0,4491
185,5800	0,4224
185,6400	0,3779
185,7000	0,4173
185,7600	0,3919
185,8200	0,4034
185,8800	0,4021
185,9400	0,3729
186,0000	0,4021
186,0600	0,4034
186,1200	0,3220
186,1800	0,4123
186,2400	0,3894
186,3000	0,4504
186,3600	0,3525
186,4200	0,4212
186,4800	0,4135
186,5400	0,3779
186,6000	0,3741
186,6600	0,4339
186,7200	0,4135
186,7800	0,4173
186,8400	0,3932
186,9000	0,4097
186,9600	0,3741
187,0200	0,4339
187,0800	0,4135
187,1400	0,4034
187,2000	0,3932
187,2600	0,3919
187,3200	0,4555
187,3800	0,4555
187,4400	0,4351
187,5000	0,4224
187,5600	0,4669
187,6200	0,4034
187,6800	0,4148
187,7400	0,4275
187,8000	0,4390
187,8600	0,4161
187,9200	0,4262
187,9800	0,4555
188,0400	0,4123
188,1000	0,4390
188,1600	0,4606
188,2200	0,4440
188,2800	0,4733
188,3400	0,4339
188,4000	0,4517
188,4600	0,4898
188,5200	0,4440
188,5800	0,5292
188,6400	0,4542
188,7000	0,4415
188,7600	0,5000
188,8200	0,4720
188,8800	0,4631
188,9400	0,4771
189,0000	0,4758
189,0600	0,4402
189,1200	0,5013
189,1800	0,4072
189,2400	0,5013
189,3000	0,5750
189,3600	0,4021
189,4200	0,4949
189,4800	0,4758
189,5400	0,4949
189,6000	0,5025
189,6600	0,4796
189,7200	0,4962
189,7800	0,4517
189,8400	0,5330
189,9000	0,5076
189,9600	0,4962
190,0200	0,5356
190,0800	0,4987
190,1400	0,4529
190,2000	0,5559
190,2600	0,4250
190,3200	0,5445
190,3800	0,5521
190,4400	0,4618
190,5000	0,5305
190,5600	0,4911
190,6200	0,4885
190,6800	0,5318
190,7400	0,4568
190,8000	0,5686
190,8600	0,5229
190,9200	0,5114
190,9800	0,5419
191,0400	0,5127
191,1000	0,5140
191,1600	0,5470
191,2200	0,4860
191,2800	0,5165
191,3400	0,5381
191,4000	0,5496
191,4600	0,5483
191,5200	0,5051
191,5800	0,5356
191,6400	0,5496
191,7000	0,4898
191,7600	0,5152
191,8200	0,5521
191,8800	0,5496
191,9400	0,4809
192,0000	0,5000
192,0600	0,5343
192,1200	0,5686
192,1800	0,5559
192,2400	0,5305
192,3000	0,5915
192,3600	0,5407
192,4200	0,5928
192,4800	0,5076
192,5400	0,6055
192,6000	0,5254
192,6600	0,5674
192,7200	0,5839
192,7800	0,5585
192,8400	0,5686
192,9000	0,5750
192,9600	0,5483
193,0200	0,5928
193,0800	0,5852
193,1400	0,5369
193,2000	0,6004
193,2600	0,5966
193,3200	0,5521
193,3800	0,6386
193,4400	0,6093
193,5000	0,5928
193,5600	0,5801
193,6200	0,6030
193,6800	0,6170
193,7400	0,5826
193,8000	0,6157
193,8600	0,5852
193,9200	0,6335
193,9800	0,5648
194,0400	0,6348
194,1000	0,5648
194,1600	0,6627
194,2200	0,5458
194,2800	0,6500
194,3400	0,6246
194,4000	0,6195
194,4600	0,6729
194,5200	0,6793
194,5800	0,5788
194,6400	0,6081
194,7000	0,6602
194,7600	0,5941
194,8200	0,6411
194,8800	0,6106
194,9400	0,5979
195,0000	0,6017
195,0600	0,6297
195,1200	0,6030
195,1800	0,6818
195,2400	0,5877
195,3000	0,6729
195,3600	0,6589
195,4200	0,6068
195,4800	0,6678
195,5400	0,6220
195,6000	0,6729
195,6600	0,6360
195,7200	0,6386
195,7800	0,6348
195,8400	0,7276
195,9000	0,5903
195,9600	0,6653
196,0200	0,6437
196,0800	0,6564
196,1400	0,6767
196,2000	0,6907
196,2600	0,6971
196,3200	0,6246
196,3800	0,7225
196,4400	0,6513
196,5000	0,6882
196,5600	0,6462
196,6200	0,6157
196,6800	0,7314
196,7400	0,6373
196,8000	0,6246
196,8600	0,7416
196,9200	0,7199
196,9800	0,6538
197,0400	0,7098
197,1000	0,6627
197,1600	0,6754
197,2200	0,7746
197,2800	0,6602
197,3400	0,7454
197,4000	0,6284
197,4600	0,7886
197,5200	0,7098
197,5800	0,7060
197,6400	0,7187
197,7000	0,7174
197,7600	0,7149
197,8200	0,6843
197,8800	0,7746
197,9400	0,6360
198,0000	0,7238
198,0600	0,6793
198,1200	0,6958
198,1800	0,7187
198,2400	0,7174
198,3000	0,7924
198,3600	0,7034
198,4200	0,6983
198,4800	0,7619
198,5400	0,7428
198,6000	0,7377
198,6600	0,8140
198,7200	0,7416
198,7800	0,7797
198,8400	0,7276
198,9000	0,8102
198,9600	0,7568
199,0200	0,7568
199,0800	0,8267
199,1400	0,6793
199,2000	0,7479
199,2600	0,7759
199,3200	0,8013
199,3800	0,6907
199,4400	0,8356
199,5000	0,7606
199,5600	0,8369
199,6200	0,7848
199,6800	0,7250
199,7400	0,7505
199,8000	0,7962
199,8600	0,7072
199,9200	0,7886
199,9800	0,7860
200,0400	0,7263
200,1000	0,7911
200,1600	0,8077
200,2200	0,7822
200,2800	0,8191
200,3400	0,8611
200,4000	0,7822
200,4600	0,8661
200,5200	0,7975
200,5800	0,8051
200,6400	0,7695
200,7000	0,8725
200,7600	0,8178
200,8200	0,8051
200,8800	0,7505
200,9400	0,8267
201,0000	0,8242
201,0600	0,7886
201,1200	0,8674
201,1800	0,8051
201,2400	0,7911
201,3000	0,8700
201,3600	0,8077
201,4200	0,8433
201,4800	0,8026
201,5400	0,8344
201,6000	0,8801
201,6600	0,8572
201,7200	0,8191
201,7800	0,8204
201,8400	0,8433
201,9000	0,8420
201,9600	0,8191
202,0200	0,8903
202,0800	0,8827
202,1400	0,8585
202,2000	0,8776
202,2600	0,8496
202,3200	0,8801
202,3800	0,8725
202,4400	0,8814
202,5000	0,8051
202,5600	0,8916
202,6200	0,8178
202,6800	0,9030
202,7400	0,8598
202,8000	0,8712
202,8600	0,8382
202,9200	0,9208
202,9800	0,9183
203,0400	0,8433
203,1000	0,9361
203,1600	0,8153
203,2200	0,9501
203,2800	0,8064
203,3400	0,9501
203,4000	0,9437
203,4600	0,8611
203,5200	0,9106
203,5800	0,9628
203,6400	0,8394
203,7000	0,9551
203,7600	0,8738
203,8200	0,8890
203,8800	0,9094
203,9400	0,9030
204,0000	0,9971
204,0600	0,8102
204,1200	0,9412
204,1800	0,9831
204,2400	0,9513
204,3000	0,9450
204,3600	0,9399
204,4200	0,8763
204,4800	1,0162
204,5400	0,8547
204,6000	0,9323
204,6600	0,9399
204,7200	0,8344
204,7800	1,0073
204,8400	0,9551
204,9000	0,9386
204,9600	0,9437
205,0200	0,9475
205,0800	0,9768
205,1400	0,9284
205,2000	1,0734
205,2600	0,8789
205,3200	1,0950
205,3800	0,9056
205,4400	0,9259
205,5000	0,9666
205,5600	0,9043
205,6200	0,9755
205,6800	0,9373
205,7400	0,9526
205,8000	1,0035
205,8600	1,0111
205,9200	0,9284
205,9800	0,9895
206,0400	0,9653
206,1000	0,9882
206,1600	1,0734
206,2200	0,9501
206,2800	0,9513
206,3400	0,9768
206,4000	0,9335
206,4600	0,9882
206,5200	0,9882
206,5800	0,9882
206,6400	1,0302
206,7000	0,9628
206,7600	0,9704
206,8200	0,9284
206,8800	1,0658
206,9400	0,9043
207,0000	0,9882
207,0600	0,9768
207,1200	1,0785
207,1800	0,9653
207,2400	1,0708
207,3000	0,8763
207,3600	1,0734
207,4200	0,9132
207,4800	1,0251
207,5400	1,0632
207,6000	0,9208
207,6600	1,0174
207,7200	0,9895
207,7800	1,0073
207,8400	1,0594
207,9000	0,9818
207,9600	1,0645
208,0200	0,9780
208,0800	1,0581
208,1400	0,9615
208,2000	1,0327
208,2600	1,0683
208,3200	0,9577
208,3800	1,0416
208,4400	1,0429
208,5000	1,0607
208,5600	0,9907
208,6200	1,0619
208,6800	1,0340
208,7400	1,1776
208,8000	0,9526
208,8600	1,0785
208,9200	1,0327
208,9800	1,1598
209,0400	1,0594
209,1000	1,1064
209,1600	1,0886
209,2200	1,1255
209,2800	1,0530
209,3400	1,0594
209,4000	1,1306
209,4600	1,1102
209,5200	1,0759
209,5800	1,1064
209,6400	1,1204
209,7000	1,0403
209,7600	1,1662
209,8200	1,1217
209,8800	1,0759
209,9400	1,0759
210,0000	1,1077
210,0600	1,1255
210,1200	1,0988
210,1800	1,2476
210,2400	1,0874
210,3000	1,2374
210,3600	1,0658
210,4200	1,1624
210,4800	1,1408
210,5400	1,0696
210,6000	1,1484
210,6600	1,1776
210,7200	1,1547
210,7800	1,1382
210,8400	1,1052
210,9000	1,1789
210,9600	1,1802
211,0200	1,1344
211,0800	1,0861
211,1400	1,0861
211,2000	1,2043
211,2600	1,0238
211,3200	1,1878
211,3800	1,1052
211,4400	1,0772
211,5000	1,1649
211,5600	1,1357
211,6200	1,1751
211,6800	1,1471
211,7400	1,1713
211,8000	1,1547
211,8600	1,1306
211,9200	1,2056
211,9800	1,1128
212,0400	1,2463
212,1000	1,1713
212,1600	1,1929
212,2200	1,2018
212,2800	1,2120
212,3400	1,1725
212,4000	1,2094
212,4600	1,1255
212,5200	1,2615
212,5800	1,1293
212,6400	1,2120
212,7000	1,1535
212,7600	1,1980
212,8200	1,1776
212,8800	1,1636
212,9400	1,1751
213,0000	1,1980
213,0600	1,1547
213,1200	1,2170
213,1800	1,2539
213,2400	1,1649
213,3000	1,1687
213,3600	1,2234
213,4200	1,1509
213,4800	1,2514
213,5400	1,2971
213,6000	1,2120
213,6600	1,1573
213,7200	1,2374
213,7800	1,2704
213,8400	1,1954
213,9000	1,2234
213,9600	1,2221
214,0200	1,1547
214,0800	1,2832
214,1400	1,1700
214,2000	1,2310
214,2600	1,1992
214,3200	1,1878
214,3800	1,2234
214,4400	1,2158
214,5000	1,1929
214,5600	1,3010
214,6200	1,2107
214,6800	1,2018
214,7400	1,2908
214,8000	1,1662
214,8600	1,2615
214,9200	1,2425
214,9800	1,1115
215,0400	1,3264
215,1000	1,2463
215,1600	1,2081
215,2200	1,2463
215,2800	1,1535
215,3400	1,3569
215,4000	1,2577
215,4600	1,2908
215,5200	1,2946
215,5800	1,2094
215,6400	1,1802
215,7000	1,3340
215,7600	1,2120
215,8200	1,3722
215,8800	1,1649
215,9400	1,2882
216,0000	1,2272
216,0600	1,2933
216,1200	1,2298
216,1800	1,2692
216,2400	1,2933
216,3000	1,2552
216,3600	1,3048
216,4200	1,3582
216,4800	1,2158
216,5400	1,2209
216,6000	1,3264
216,6600	1,1929
216,7200	1,3124
216,7800	1,2209
216,8400	1,2755
216,9000	1,2463
216,9600	1,2882
217,0200	1,2374
217,0800	1,3124
217,1400	1,4294
217,2000	1,2298
217,2600	1,3404
217,3200	1,2654
217,3800	1,3264
217,4400	1,3238
217,5000	1,3836
217,5600	1,2234
217,6200	1,3645
217,6800	1,2832
217,7400	1,2768
217,8000	1,3467
217,8600	1,4141
217,9200	1,2908
217,9800	1,2933
218,0400	1,3442
218,1000	1,3391
218,1600	1,3823
218,2200	1,3302
218,2800	1,2908
218,3400	1,3950
218,4000	1,2984
218,4600	1,3696
218,5200	1,2997
218,5800	1,3315
218,6400	1,3556
218,7000	1,3989
218,7600	1,3264
218,8200	1,3938
218,8800	1,3467
218,9400	1,3594
219,0000	1,4154
219,0600	1,2692
219,1200	1,5069
219,1800	1,2679
219,2400	1,4345
219,3000	1,3836
219,3600	1,3251
219,4200	1,3785
219,4800	1,3594
219,5400	1,3671
219,6000	1,3582
219,6600	1,3887
219,7200	1,3442
219,7800	1,4472
219,8400	1,4675
219,9000	1,3938
219,9600	1,5273
220,0200	1,4434
220,0800	1,3149
220,1400	1,2971
220,2000	1,4357
220,2600	1,4573
220,3200	1,3226
220,3800	1,4535
220,4400	1,4243
220,5000	1,4179
220,5600	1,4078
220,6200	1,4294
220,6800	1,3645
220,7400	1,4294
220,8000	1,4700
220,8600	1,4688
220,9200	1,3925
220,9800	1,3887
221,0400	1,3277
221,1000	1,3900
221,1600	1,3569
221,2200	1,4535
221,2800	1,3925
221,3400	1,4637
221,4000	1,4268
221,4600	1,4345
221,5200	1,4561
221,5800	1,3556
221,6400	1,4446
221,7000	1,4726
221,7600	1,4192
221,8200	1,4408
221,8800	1,4929
221,9400	1,4230
222,0000	1,5133
222,0600	1,4141
222,1200	1,4878
222,1800	1,4929
222,2400	1,5082
222,3000	1,4065
222,3600	1,4637
222,4200	1,4230
222,4800	1,4942
222,5400	1,3467
222,6000	1,5006
222,6600	1,4027
222,7200	1,4256
222,7800	1,5412
222,8400	1,4637
222,9000	1,4154
222,9600	1,4256
223,0200	1,4294
223,0800	1,5044
223,1400	1,4637
223,2000	1,4039
223,2600	1,4942
223,3200	1,3887
223,3800	1,5285
223,4400	1,4522
223,5000	1,4637
223,5600	1,5718
223,6200	1,4700
223,6800	1,4993
223,7400	1,5247
223,8000	1,4675
223,8600	1,5260
223,9200	1,4230
223,9800	1,5006
224,0400	1,4522
224,1000	1,5336
224,1600	1,5387
224,2200	1,4319
224,2800	1,5781
224,3400	1,4802
224,4000	1,5158
224,4600	1,5374
224,5200	1,5463
224,5800	1,5158
224,6400	1,5031
224,7000	1,5972
224,7600	1,5031
224,8200	1,4853
224,8800	1,5145
224,9400	1,4967
225,0000	1,5285
225,0600	1,4904
225,1200	1,5667
225,1800	1,5718
225,2400	1,4078
225,3000	1,5196
225,3600	1,5247
225,4200	1,5921
225,4800	1,5184
225,5400	1,4675
225,6000	1,5997
225,6600	1,5285
225,7200	1,5489
225,7800	1,4472
225,8400	1,6302
225,9000	1,5311
225,9600	1,4891
226,0200	1,5184
226,0800	1,5095
226,1400	1,4929
226,2000	1,5603
226,2600	1,4726
226,3200	1,5044
226,3800	1,4891
226,4400	1,5946
226,5000	1,5781
226,5600	1,4942
226,6200	1,6557
226,6800	1,5082
226,7400	1,6353
226,8000	1,5387
226,8600	1,6747
226,9200	1,4103
226,9800	1,5972
227,0400	1,4904
227,1000	1,6252
227,1600	1,5184
227,2200	1,5273
227,2800	1,6023
227,3400	1,6239
227,4000	1,5273
227,4600	1,5641
227,5200	1,5120
227,5800	1,5133
227,6400	1,6849
227,7000	1,5006
227,7600	1,5527
227,8200	1,5590
227,8800	1,5222
227,9400	1,5857
228,0000	1,5629
228,0600	1,5107
228,1200	1,6239
228,1800	1,6277
228,2400	1,5095
228,3000	1,6836
228,3600	1,6811
228,4200	1,4726
228,4800	1,6786
228,5400	1,5400
228,6000	1,6811
228,6600	1,6188
228,7200	1,6213
228,7800	1,6608
228,8400	1,5400
228,9000	1,5756
228,9600	1,5476
229,0200	1,6099
229,0800	1,6569
229,1400	1,5425
229,2000	1,6684
229,2600	1,5997
229,3200	1,5819
229,3800	1,5756
229,4400	1,6709
229,5000	1,6366
229,5600	1,6239
229,6200	1,6328
229,6800	1,5641
229,7400	1,6366
229,8000	1,5476
229,8600	1,6035
229,9200	1,5260
229,9800	1,6201
230,0400	1,6900
230,1000	1,6404
230,1600	1,6671
230,2200	1,5285
230,2800	1,6150
230,3400	1,6315
230,4000	1,6404
230,4600	1,6252
230,5200	1,5552
230,5800	1,5743
230,6400	1,6328
230,7000	1,6620
230,7600	1,6353
230,8200	1,6353
230,8800	1,7040
230,9400	1,5362
231,0000	1,6786
231,0600	1,5540
231,1200	1,6150
231,1800	1,6353
231,2400	1,5209
231,3000	1,7205
231,3600	1,5069
231,4200	1,6887
231,4800	1,5349
231,5400	1,6163
231,6000	1,6531
231,6600	1,5565
231,7200	1,6722
231,7800	1,5959
231,8400	1,7002
231,9000	1,5870
231,9600	1,6175
232,0200	1,6226
232,0800	1,5222
232,1400	1,6608
232,2000	1,6061
232,2600	1,5781
232,3200	1,6442
232,3800	1,7040
232,4400	1,5946
232,5000	1,6951
232,5600	1,5743
232,6200	1,5654
232,6800	1,6188
232,7400	1,5857
232,8000	1,6264
232,8600	1,6252
232,9200	1,6264
232,9800	1,6328
233,0400	1,5425
233,1000	1,6531
233,1600	1,5857
233,2200	1,6824
233,2800	1,6862
233,3400	1,6048
233,4000	1,6735
233,4600	1,6493
233,5200	1,7040
233,5800	1,6366
233,6400	1,5832
233,7000	1,8057
233,7600	1,5298
233,8200	1,7091
233,8800	1,6023
233,9400	1,6964
234,0000	1,5451
234,0600	1,7129
234,1200	1,6341
234,1800	1,6417
234,2400	1,6455
234,3000	1,7332
234,3600	1,6709
234,4200	1,6493
234,4800	1,6455
234,5400	1,6328
234,6000	1,6849
234,6600	1,5997
234,7200	1,7040
234,7800	1,5552
234,8400	1,6887
234,9000	1,5908
234,9600	1,6595
235,0200	1,6925
235,0800	1,5845
235,1400	1,6252
235,2000	1,6315
235,2600	1,6163
235,3200	1,7002
235,3800	1,5896
235,4400	1,6722
235,5000	1,6277
235,5600	1,6620
235,6200	1,6328
235,6800	1,6620
235,7400	1,6137
235,8000	1,7294
235,8600	1,5807
235,9200	1,6747
235,9800	1,6086
236,0400	1,7040
236,1000	1,5845
236,1600	1,7192
236,2200	1,7116
236,2800	1,7370
236,3400	1,6112
236,4000	1,6544
236,4600	1,6150
236,5200	1,6379
236,5800	1,6964
236,6400	1,6836
236,7000	1,5349
236,7600	1,5590
236,8200	1,7409
236,8800	1,5349
236,9400	1,7599
237,0000	1,6760
237,0600	1,6849
237,1200	1,6213
237,1800	1,6226
237,2400	1,5756
237,3000	1,6824
237,3600	1,6150
237,4200	1,6468
237,4800	1,6061
237,5400	1,6404
237,6000	1,6302
237,6600	1,6989
237,7200	1,7091
237,7800	1,5985
237,8400	1,7637
237,9000	1,6836
237,9600	1,5311
238,0200	1,6836
238,0800	1,5654
238,1400	1,6252
238,2000	1,6697
238,2600	1,6341
238,3200	1,7739
238,3800	1,6824
238,4400	1,5387
238,5000	1,6531
238,5600	1,6074
238,6200	1,6862
238,6800	1,6480
238,7400	1,6150
238,8000	1,7599
238,8600	1,6595
238,9200	1,6277
238,9800	1,5705
239,0400	1,6315
239,1000	1,6544
239,1600	1,6379
239,2200	1,5323
239,2800	1,6798
239,3400	1,6124
239,4000	1,6658
239,4600	1,6938
239,5200	1,6709
239,5800	1,6290
239,6400	1,6163
239,7000	1,5349
239,7600	1,6862
239,8200	1,5870
239,8800	1,6163
239,9400	1,6493
240,0000	1,6658
240,0600	1,5336
240,1200	1,6925
240,1800	1,6646
240,2400	1,7459
240,3000	1,5692
240,3600	1,6239
240,4200	1,6404
240,4800	1,6697
240,5400	1,6506
240,6000	1,6747
240,6600	1,6684
240,7200	1,6722
240,7800	1,5832
240,8400	1,6379
240,9000	1,6519
240,9600	1,5946
241,0200	1,7523
241,0800	1,7103
241,1400	1,6328
241,2000	1,6964
241,2600	1,6239
241,3200	1,6252
241,3800	1,7243
241,4400	1,6786
241,5000	1,5514
241,5600	1,6747
241,6200	1,6175
241,6800	1,6239
241,7400	1,7332
241,8000	1,5578
241,8600	1,6849
241,9200	1,5819
241,9800	1,7765
242,0400	1,6506
242,1000	1,6900
242,1600	1,6709
242,2200	1,7205
242,2800	1,8159
242,3400	1,6315
242,4000	1,7154
242,4600	1,6048
242,5200	1,7192
242,5800	1,6544
242,6400	1,7180
242,7000	1,6925
242,7600	1,6290
242,8200	1,7154
242,8800	1,7447
242,9400	1,6099
243,0000	1,7701
243,0600	1,6163
243,1200	1,7040
243,1800	1,7345
243,2400	1,6773
243,3000	1,8209
243,3600	1,5692
243,4200	1,7040
243,4800	1,5946
243,5400	1,7523
243,6000	1,7472
243,6600	1,6391
243,7200	1,7307
243,7800	1,7676
243,8400	1,6404
243,9000	1,6900
243,9600	1,6264
244,0200	1,7142
244,0800	1,7014
244,1400	1,7498
244,2000	1,7002
244,2600	1,6773
244,3200	1,6875
244,3800	1,6964
244,4400	1,6353
244,5000	1,6875
244,5600	1,6277
244,6200	1,6519
244,6800	1,7269
244,7400	1,5908
244,8000	1,6964
244,8600	1,6938
244,9200	1,6226
244,9800	1,7409
245,0400	1,6480
245,1000	1,5972
245,1600	1,7078
245,2200	1,5362
245,2800	1,7243
245,3400	1,6048
245,4000	1,6595
245,4600	1,6862
245,5200	1,6595
245,5800	1,6684
245,6400	1,6836
245,7000	1,5145
245,7600	1,6862
245,8200	1,6404
245,8800	1,6582
245,9400	1,6557
246,0000	1,7205
246,0600	1,6760
246,1200	1,6773
246,1800	1,6722
246,2400	1,6277
246,3000	1,6798
246,3600	1,6277
246,4200	1,7256
246,4800	1,6150
246,5400	1,6760
246,6000	1,6112
246,6600	1,6124
246,7200	1,6226
246,7800	1,5756
246,8400	1,7218
246,9000	1,6239
246,9600	1,5718
247,0200	1,7294
247,0800	1,6163
247,1400	1,6341
247,2000	1,5959
247,2600	1,6531
247,3200	1,6531
247,3800	1,5934
247,4400	1,6442
247,5000	1,6480
247,5600	1,5629
247,6200	1,6620
247,6800	1,6341
247,7400	1,6569
247,8000	1,6061
247,8600	1,6646
247,9200	1,6811
247,9800	1,5667
248,0400	1,7116
248,1000	1,6379
248,1600	1,6849
248,2200	1,6023
248,2800	1,7701
248,3400	1,6226
248,4000	1,5641
248,4600	1,7218
248,5200	1,5972
248,5800	1,6569
248,6400	1,6569
248,7000	1,7726
248,7600	1,7358
248,8200	1,7053
248,8800	1,7307
248,9400	1,6544
249,0000	1,6747
249,0600	1,6480
249,1200	1,6786
249,1800	1,7167
249,2400	1,7358
249,3000	1,7231
249,3600	1,7053
249,4200	1,7269
249,4800	1,7345
249,5400	1,6493
249,6000	1,7523
249,6600	1,7294
249,7200	1,7129
249,7800	1,6849
249,8400	1,6417
249,9000	1,7625
249,9600	1,6404
250,0200	1,7358
250,0800	1,6747
250,1400	1,8044
250,2000	1,6137
250,2600	1,7434
250,3200	1,7256
250,3800	1,7332
250,4400	1,7447
250,5000	1,7040
250,5600	1,6887
250,6200	1,7129
250,6800	1,7243
250,7400	1,6824
250,8000	1,6302
250,8600	1,6557
250,9200	1,6925
250,9800	1,6773
251,0400	1,8515
251,1000	1,6150
251,1600	1,7320
251,2200	1,7167
251,2800	1,6569
251,3400	1,6480
251,4000	1,8337
251,4600	1,6849
251,5200	1,7192
251,5800	1,7281
251,6400	1,7142
251,7000	1,7027
251,7600	1,7091
251,8200	1,6925
251,8800	1,6824
251,9400	1,7523
252,0000	1,6658
252,0600	1,7739
252,1200	1,6264
252,1800	1,7231
252,2400	1,7370
252,3000	1,7358
252,3600	1,5705
252,4200	1,6951
252,4800	1,6658
252,5400	1,6213
252,6000	1,6709
252,6600	1,6391
252,7200	1,6582
252,7800	1,6569
252,8400	1,7180
252,9000	1,6608
252,9600	1,5908
253,0200	1,6773
253,0800	1,6341
253,1400	1,6697
253,2000	1,6302
253,2600	1,6137
253,3200	1,6582
253,3800	1,6582
253,4400	1,5908
253,5000	1,6188
253,5600	1,6391
253,6200	1,7116
253,6800	1,6569
253,7400	1,6773
253,8000	1,6353
253,8600	1,6468
253,9200	1,6633
253,9800	1,7053
254,0400	1,6887
254,1000	1,6150
254,1600	1,7167
254,2200	1,6430
254,2800	1,7002
254,3400	1,6455
254,4000	1,6608
254,4600	1,6658
254,5200	1,6239
254,5800	1,7370
254,6400	1,6824
254,7000	1,6709
254,7600	1,7281
254,8200	1,7116
254,8800	1,7243
254,9400	1,6875
255,0000	1,6353
255,0600	1,7841
255,1200	1,5946
255,1800	1,7332
255,2400	1,5857
255,3000	1,7892
255,3600	1,5501
255,4200	1,7777
255,4800	1,6328
255,5400	1,7523
255,6000	1,6798
255,6600	1,7409
255,7200	1,6531
255,7800	1,6786
255,8400	1,6252
255,9000	1,7205
255,9600	1,7040
256,0200	1,7447
256,0800	1,7854
256,1400	1,5781
256,2000	1,8070
256,2600	1,7218
256,3200	1,6341
256,3800	1,7307
256,4400	1,6608
256,5000	1,6735
256,5600	1,7180
256,6200	1,7180
256,6800	1,6964
256,7400	1,7167
256,8000	1,6480
256,8600	1,7396
256,9200	1,6379
256,9800	1,8616
257,0400	1,6862
257,1000	1,7663
257,1600	1,7294
257,2200	1,6569
257,2800	1,6646
257,3400	1,6468
257,4000	1,7981
257,4600	1,7129
257,5200	1,6824
257,5800	1,8082
257,6400	1,6875
257,7000	1,6709
257,7600	1,6798
257,8200	1,6976
257,8800	1,7002
257,9400	1,7180
258,0000	1,6938
258,0600	1,6455
258,1200	1,6887
258,1800	1,7637
258,2400	1,7421
258,3000	1,7116
258,3600	1,6658
258,4200	1,6099
258,4800	1,7434
258,5400	1,6252
258,6000	1,7726
258,6600	1,5629
258,7200	1,8260
258,7800	1,6786
258,8400	1,6658
258,9000	1,6252
258,9600	1,7053
259,0200	1,6493
259,0800	1,7358
259,1400	1,6646
259,2000	1,5756
259,2600	1,7142
259,3200	1,7281
259,3800	1,6849
259,4400	1,6341
259,5000	1,6379
259,5600	1,6582
259,6200	1,7103
259,6800	1,7231
259,7400	1,6658
259,8000	1,7256
259,8600	1,6773
259,9200	1,6697
259,9800	1,7218
260,0400	1,6862
260,1000	1,6862
260,1600	1,6900
260,2200	1,6747
260,2800	1,6887
260,3400	1,6875
260,4000	1,7205
260,4600	1,6188
260,5200	1,6048
260,5800	1,6544
260,6400	1,5997
260,7000	1,6379
260,7600	1,5883
260,8200	1,6099
260,8800	1,6671
260,9400	1,6633
261,0000	1,6074
261,0600	1,5972
261,1200	1,7129
261,1800	1,5311
261,2400	1,5896
261,3000	1,7002
261,3600	1,6150
261,4200	1,6264
261,4800	1,6099
261,5400	1,6875
261,6000	1,5985
261,6600	1,6849
261,7200	1,6722
261,7800	1,5629
261,8400	1,6455
261,9000	1,7561
261,9600	1,5946
262,0200	1,8680
262,0800	1,5768
262,1400	1,7396
262,2000	1,6252
262,2600	1,6658
262,3200	1,5807
262,3800	1,6887
262,4400	1,5565
262,5000	1,6735
262,5600	1,7065
262,6200	1,6468
262,6800	1,6188
262,7400	1,5870
262,8000	1,6798
262,8600	1,6430
262,9200	1,7103
262,9800	1,6709
263,0400	1,6124
263,1000	1,7409
263,1600	1,6175
263,2200	1,6862
263,2800	1,6976
263,3400	1,7027
263,4000	1,7803
263,4600	1,6760
263,5200	1,7269
263,5800	1,6124
263,6400	1,7014
263,7000	1,5654
263,7600	1,7027
263,8200	1,6264
263,8800	1,6684
263,9400	1,7142
264,0000	1,6175
264,0600	1,6112
264,1200	1,6023
264,1800	1,6684
264,2400	1,6557
264,3000	1,6379
264,3600	1,7447
264,4200	1,6264
264,4800	1,6226
264,5400	1,6620
264,6000	1,6582
264,6600	1,7180
264,7200	1,6735
264,7800	1,7358
264,8400	1,6506
264,9000	1,6964
264,9600	1,6023
265,0200	1,6671
265,0800	1,6188
265,1400	1,7078
265,2000	1,7142
265,2600	1,6544
265,3200	1,6595
265,3800	1,6468
265,4400	1,5667
265,5000	1,7409
265,5600	1,5540
265,6200	1,7078
265,6800	1,6353
265,7400	1,6582
265,8000	1,7014
265,8600	1,5298
265,9200	1,6010
265,9800	1,5743
266,0400	1,6493
266,1000	1,5679
266,1600	1,7345
266,2200	1,5540
266,2800	1,6862
266,3400	1,5082
266,4000	1,6353
266,4600	1,6671
266,5200	1,6404
266,5800	1,7116
266,6400	1,6531
266,7000	1,5730
266,7600	1,7701
266,8200	1,5069
266,8800	1,7027
266,9400	1,5819
267,0000	1,6061
267,0600	1,6379
267,1200	1,6264
267,1800	1,6608
267,2400	1,5946
267,3000	1,5908
267,3600	1,7358
267,4200	1,6010
267,4800	1,6302
267,5400	1,5972
267,6000	1,5273
267,6600	1,6315
267,7200	1,6048
267,7800	1,4955
267,8400	1,6836
267,9000	1,5921
267,9600	1,5158
268,0200	1,6849
268,0800	1,5756
268,1400	1,5641
268,2000	1,7637
268,2600	1,5056
268,3200	1,6925
268,3800	1,5171
268,4400	1,6341
268,5000	1,5400
268,5600	1,5184
268,6200	1,6328
268,6800	1,5552
268,7400	1,5705
268,8000	1,6595
268,8600	1,6366
268,9200	1,7091
268,9800	1,6010
269,0400	1,6862
269,1000	1,5501
269,1600	1,6697
269,2200	1,5718
269,2800	1,6811
269,3400	1,5641
269,4000	1,6671
269,4600	1,6353
269,5200	1,6811
269,5800	1,6468
269,6400	1,6252
269,7000	1,6188
269,7600	1,7485
269,8200	1,6442
269,8800	1,5972
269,9400	1,6646
270,0000	1,7383
270,0600	1,6353
270,1200	1,6582
270,1800	1,6455
270,2400	1,6786
270,3000	1,6175
270,3600	1,6137
270,4200	1,7269
270,4800	1,6391
270,5400	1,5845
270,6000	1,7383
270,6600	1,7014
270,7200	1,6379
270,7800	1,6697
270,8400	1,6163
270,9000	1,6773
270,9600	1,5679
271,0200	1,6684
271,0800	1,6671
271,1400	1,6951
271,2000	1,5756
271,2600	1,7027
271,3200	1,7027
271,3800	1,7142
271,4400	1,6468
271,5000	1,6442
271,5600	1,6328
271,6200	1,6099
271,6800	1,6417
271,7400	1,6455
271,8000	1,6252
271,8600	1,6569
271,9200	1,6836
271,9800	1,6824
272,0400	1,6620
272,1000	1,6633
272,1600	1,6493
272,2200	1,6747
272,2800	1,6086
272,3400	1,6023
272,4000	1,5972
272,4600	1,7192
272,5200	1,5578
272,5800	1,7154
272,6400	1,6099
272,7000	1,6531
272,7600	1,7103
272,8200	1,6035
272,8800	1,7040
272,9400	1,5718
273,0000	1,7256
273,0600	1,6913
273,1200	1,6430
273,1800	1,6709
273,2400	1,6557
273,3000	1,6951
273,3600	1,6302
273,4200	1,7154
273,4800	1,6048
273,5400	1,7154
273,6000	1,5247
273,6600	1,7116
273,7200	1,6239
273,7800	1,6417
273,8400	1,7040
273,9000	1,6811
273,9600	1,5451
274,0200	1,6213
274,0800	1,7091
274,1400	1,5629
274,2000	1,5730
274,2600	1,6315
274,3200	1,5718
274,3800	1,6595
274,4400	1,6366
274,5000	1,6086
274,5600	1,6989
274,6200	1,5679
274,6800	1,5590
274,7400	1,6455
274,8000	1,6480
274,8600	1,6201
274,9200	1,6252
274,9800	1,6404
275,0400	1,4942
275,1000	1,6480
275,1600	1,5298
275,2200	1,6264
275,2800	1,7345
275,3400	1,6061
275,4000	1,5908
275,4600	1,6849
275,5200	1,6328
275,5800	1,6163
275,6400	1,6557
275,7000	1,6035
275,7600	1,5870
275,8200	1,6671
275,8800	1,7307
275,9400	1,5896
276,0000	1,6862
276,0600	1,6747
276,1200	1,6226
276,1800	1,6506
276,2400	1,7269
276,3000	1,6646
276,3600	1,6328
276,4200	1,6277
276,4800	1,5298
276,5400	1,7154
276,6000	1,7091
276,6600	1,6798
276,7200	1,6163
276,7800	1,6836
276,8400	1,6506
276,9000	1,6836
276,9600	1,6735
277,0200	1,6035
277,0800	1,6290
277,1400	1,6811
277,2000	1,6201
277,2600	1,6849
277,3200	1,6709
277,3800	1,5896
277,4400	1,5921
277,5000	1,6468
277,5600	1,5972
277,6200	1,7650
277,6800	1,6341
277,7400	1,5501
277,8000	1,7154
277,8600	1,6595
277,9200	1,6976
277,9800	1,5718
278,0400	1,6341
278,1000	1,6404
278,1600	1,6544
278,2200	1,6048
278,2800	1,6811
278,3400	1,6341
278,4000	1,5883
278,4600	1,6531
278,5200	1,6519
278,5800	1,5832
278,6400	1,6468
278,7000	1,6391
278,7600	1,6341
278,8200	1,5718
278,8800	1,6760
278,9400	1,6239
279,0000	1,7053
279,0600	1,5362
279,1200	1,6163
279,1800	1,6150
279,2400	1,6938
279,3000	1,6150
279,3600	1,6658
279,4200	1,5578
279,4800	1,6264
279,5400	1,6112
279,6000	1,7192
279,6600	1,5489
279,7200	1,6786
279,7800	1,5412
279,8400	1,6035
279,9000	1,6315
279,9600	1,6442
280,0200	1,5374
280,0800	1,7154
280,1400	1,7014
280,2000	1,5730
280,2600	1,6379
280,3200	1,5629
280,3800	1,6353
280,4400	1,5667
280,5000	1,6595
280,5600	1,5527
280,6200	1,6417
280,6800	1,5387
280,7400	1,6417
280,8000	1,5972
280,8600	1,5743
280,9200	1,5959
280,9800	1,6023
281,0400	1,6048
281,1000	1,5451
281,1600	1,6519
281,2200	1,5921
281,2800	1,6023
281,3400	1,5552
281,4000	1,6506
281,4600	1,6252
281,5200	1,5641
281,5800	1,5730
281,6400	1,6722
281,7000	1,6290
281,7600	1,6862
281,8200	1,4942
281,8800	1,7065
281,9400	1,5362
282,0000	1,7040
282,0600	1,5616
282,1200	1,6213
282,1800	1,5527
282,2400	1,6379
282,3000	1,7218
282,3600	1,6086
282,4200	1,5667
282,4800	1,6595
282,5400	1,6302
282,6000	1,6417
282,6600	1,5578
282,7200	1,6531
282,7800	1,5934
282,8400	1,6239
282,9000	1,5946
282,9600	1,6391
283,0200	1,6239
283,0800	1,6302
283,1400	1,5527
283,2000	1,6455
283,2600	1,5883
283,3200	1,6086
283,3800	1,6010
283,4400	1,6455
283,5000	1,5959
283,5600	1,6862
283,6200	1,6061
283,6800	1,5870
283,7400	1,5857
283,8000	1,6252
283,8600	1,6074
283,9200	1,5768
283,9800	1,7459
284,0400	1,5832
284,1000	1,6175
284,1600	1,6442
284,2200	1,5705
284,2800	1,6595
284,3400	1,5400
284,4000	1,6150
284,4600	1,5692
284,5200	1,6315
284,5800	1,5908
284,6400	1,6061
284,7000	1,5946
284,7600	1,5565
284,8200	1,6608
284,8800	1,6633
284,9400	1,6074
285,0000	1,5476
285,0600	1,5565
285,1200	1,6137
285,1800	1,5832
285,2400	1,5870
285,3000	1,6074
285,3600	1,6582
285,4200	1,5705
285,4800	1,5959
285,5400	1,5425
285,6000	1,6417
285,6600	1,5540
285,7200	1,5006
285,7800	1,6188
285,8400	1,6226
285,9000	1,6213
285,9600	1,5489
286,0200	1,6264
286,0800	1,5616
286,1400	1,5832
286,2000	1,6264
286,2600	1,6226
286,3200	1,6074
286,3800	1,5387
286,4400	1,6213
286,5000	1,6315
286,5600	1,5794
286,6200	1,6074
286,6800	1,5654
286,7400	1,5133
286,8000	1,6315
286,8600	1,6086
286,9200	1,5578
286,9800	1,6900
287,0400	1,5794
287,1000	1,6035
287,1600	1,6430
287,2200	1,5667
287,2800	1,5985
287,3400	1,6252
287,4000	1,4878
287,4600	1,6417
287,5200	1,6188
287,5800	1,5819
287,6400	1,5476
287,7000	1,6442
287,7600	1,5832
287,8200	1,6862
287,8800	1,6697
287,9400	1,5489
288,0000	1,5781
288,0600	1,6506
288,1200	1,5273
288,1800	1,7129
288,2400	1,5451
288,3000	1,6277
288,3600	1,6328
288,4200	1,5921
288,4800	1,6353
288,5400	1,5756
288,6000	1,5463
288,6600	1,5768
288,7200	1,6213
288,7800	1,5603
288,8400	1,6048
288,9000	1,5730
288,9600	1,5921
289,0200	1,5730
289,0800	1,6112
289,1400	1,6341
289,2000	1,6150
289,2600	1,6379
289,3200	1,5603
289,3800	1,6620
289,4400	1,4942
289,5000	1,6760
289,5600	1,6493
289,6200	1,5590
289,6800	1,5540
289,7400	1,6786
289,8000	1,5603
289,8600	1,6010
289,9200	1,6557
289,9800	1,5565
290,0400	1,6569
290,1000	1,4484
290,1600	1,7370
290,2200	1,5082
290,2800	1,6137
290,3400	1,6239
290,4000	1,5501
290,4600	1,5819
290,5200	1,4751
290,5800	1,5959
290,6400	1,6531
290,7000	1,5438
290,7600	1,5501
290,8200	1,6302
290,8800	1,5298
290,9400	1,6035
291,0000	1,6557
291,0600	1,6213
291,1200	1,5590
291,1800	1,5082
291,2400	1,5870
291,3000	1,5985
291,3600	1,6061
291,4200	1,5807
291,4800	1,5311
291,5400	1,5959
291,6000	1,4840
291,6600	1,6023
291,7200	1,6366
291,7800	1,5425
291,8400	1,5387
291,9000	1,5184
291,9600	1,6201
292,0200	1,6137
292,0800	1,5565
292,1400	1,6023
292,2000	1,5451
292,2600	1,5374
292,3200	1,5934
292,3800	1,5641
292,4400	1,6035
292,5000	1,6544
292,5600	1,6239
292,6200	1,5540
292,6800	1,5565
292,7400	1,6175
292,8000	1,5323
292,8600	1,6061
292,9200	1,5578
292,9800	1,6074
293,0400	1,6468
293,1000	1,5082
293,1600	1,6697
293,2200	1,5336
293,2800	1,6124
293,3400	1,6379
293,4000	1,6226
293,4600	1,6709
293,5200	1,6099
293,5800	1,7358
293,6400	1,5654
293,7000	1,6328
293,7600	1,5883
293,8200	1,6544
293,8800	1,6213
293,9400	1,6353
294,0000	1,6455
294,0600	1,6417
294,1200	1,6099
294,1800	1,6213
294,2400	1,5489
294,3000	1,6531
294,3600	1,5705
294,4200	1,6760
294,4800	1,6417
294,5400	1,6468
294,6000	1,6328
294,6600	1,5997
294,7200	1,6328
294,7800	1,4891
294,8400	1,6366
294,9000	1,5501
294,9600	1,6404
295,0200	1,6531
295,0800	1,5832
295,1400	1,6035
295,2000	1,5209
295,2600	1,6442
295,3200	1,5578
295,3800	1,6074
295,4400	1,5718
295,5000	1,5896
295,5600	1,5730
295,6200	1,5845
295,6800	1,6875
295,7400	1,5718
295,8000	1,5425
295,8600	1,6239
295,9200	1,6519
295,9800	1,6074
296,0400	1,5336
296,1000	1,6226
296,1600	1,5896
296,2200	1,5845
296,2800	1,6391
296,3400	1,4891
296,4000	1,5412
296,4600	1,5425
296,5200	1,6646
296,5800	1,5552
296,6400	1,5807
296,7000	1,6112
296,7600	1,5018
296,8200	1,5921
296,8800	1,5629
296,9400	1,5718
297,0000	1,5883
297,0600	1,6239
297,1200	1,6366
297,1800	1,6086
297,2400	1,6824
297,3000	1,5997
297,3600	1,5082
297,4200	1,5133
297,4800	1,6684
297,5400	1,5349
297,6000	1,5997
297,6600	1,5819
297,7200	1,5832
297,7800	1,5006
297,8400	1,6010
297,9000	1,5540
297,9600	1,5438
298,0200	1,6035
298,0800	1,6315
298,1400	1,6315
298,2000	1,6455
298,2600	1,6290
298,3200	1,6862
298,3800	1,5260
298,4400	1,5654
298,5000	1,5743
298,5600	1,6150
298,6200	1,6531
298,6800	1,6353
298,7400	1,5667
298,8000	1,5908
298,8600	1,5959
298,9200	1,6048
298,9800	1,6213
299,0400	1,5730
299,1000	1,5718
299,1600	1,5807
299,2200	1,5501
299,2800	1,5730
299,3400	1,6239
299,4000	1,4929
299,4600	1,6811
299,5200	1,5069
299,5800	1,5934
