0,0000	1,0607
0,1000	0,4008
0,2000	0,4796
0,3000	2,4706
0,4000	3,0516
0,5000	2,1312
0,6000	2,4376
0,7000	2,4338
0,8000	2,5889
0,9000	2,4833
1,0000	2,3244
1,1000	2,4744
1,2000	2,5660
1,3000	2,5342
1,4000	2,2875
1,5000	2,4439
1,6000	2,2926
1,7000	2,3295
1,8000	2,5812
1,9000	2,3931
2,0000	2,3982
2,1000	2,4490
2,2000	2,0803
2,3000	2,6384
2,4000	2,5914
2,5000	2,3041
2,6000	2,4681
2,7000	2,3969
2,8000	2,4541
2,9000	2,4960
3,0000	2,3104
3,1000	2,3651
3,2000	2,2481
3,3000	2,3854
3,4000	2,5342
3,5000	2,3702
3,6000	2,4617
3,7000	2,3943
3,8000	2,6143
3,9000	2,6524
4,0000	2,3829
4,1000	2,5151
4,2000	2,3626
4,3000	2,6410
4,4000	2,3727
4,5000	2,3918
4,6000	2,4630
4,7000	2,2875
4,8000	2,4210
4,9000	2,5634
5,0000	2,3842
5,1000	2,2583
5,2000	2,2786
5,3000	2,4350
5,4000	2,3982
5,5000	2,3193
5,6000	2,3562
5,7000	2,3498
5,8000	2,5978
5,9000	2,5011
6,0000	2,2837
6,1000	2,2024
6,2000	2,3066
6,3000	2,5583
6,4000	2,4388
6,5000	2,1350
6,6000	2,3053
6,7000	2,2418
6,8000	2,4948
6,9000	2,2812
7,0000	2,2532
7,1000	2,3066
7,2000	2,5863
7,3000	1,9608
7,4000	2,0193
7,5000	1,8489
7,6000	1,8286
7,7000	1,7828
7,8000	1,8044
7,9000	1,6201
8,0000	1,5896
8,1000	1,4815
8,2000	1,6239
8,3000	1,4980
8,4000	1,5578
8,5000	1,5400
8,6000	1,3861
8,7000	1,5120
8,8000	1,4929
8,9000	1,3811
9,0000	1,3900
9,1000	1,5514
9,2000	1,4294
9,3000	1,4154
9,4000	1,4878
9,5000	1,3162
9,6000	1,2259
9,7000	1,3505
9,8000	1,4014
9,9000	1,3963
10,0000	1,2755
10,1000	1,4573
10,2000	1,2793
10,3000	1,3111
10,4000	1,3620
10,5000	1,3137
10,6000	1,2781
10,7000	1,3391
10,8000	1,4522
10,9000	1,2895
11,0000	1,2107
11,1000	1,4090
11,2000	1,2628
11,3000	1,3861
11,4000	1,3467
11,5000	1,3277
11,6000	1,2590
11,7000	1,2819
11,8000	1,4497
11,9000	1,4332
12,0000	1,2539
12,1000	1,3086
12,2000	1,2641
12,3000	1,2717
12,4000	1,4078
12,5000	1,4014
12,6000	1,2654
12,7000	1,3035
12,8000	1,3493
12,9000	1,2921
13,0000	1,2857
13,1000	1,2094
13,2000	1,3048
13,3000	1,3772
13,4000	1,2730
13,5000	1,0988
13,6000	1,3327
13,7000	1,1929
13,8000	1,4561
13,9000	1,2781
14,0000	1,3582
14,1000	1,3709
14,2000	1,2132
14,3000	1,3658
14,4000	1,3200
14,5000	1,2018
14,6000	1,2921
14,7000	1,2476
14,8000	1,3569
14,9000	1,2577
15,0000	1,3048
15,1000	1,2170
15,2000	1,2730
15,3000	1,2412
15,4000	1,3022
15,5000	1,3950
15,6000	1,2997
15,7000	1,1865
15,8000	1,4039
15,9000	1,2997
16,0000	1,2272
16,1000	1,3315
16,2000	1,2666
16,3000	1,2081
16,4000	1,3188
16,5000	1,1827
16,6000	1,2577
16,7000	1,2615
16,8000	1,3124
16,9000	1,1878
17,0000	1,3645
17,1000	1,1509
17,2000	1,1954
17,3000	1,4306
17,4000	1,2514
17,5000	1,3137
17,6000	1,2425
17,7000	1,1980
17,8000	1,3277
17,9000	1,3811
18,0000	1,2615
18,1000	1,3315
18,2000	1,1865
18,3000	1,3887
18,4000	1,2946
18,5000	1,2158
18,6000	1,2488
18,7000	1,0975
18,8000	1,3277
18,9000	1,3073
19,0000	1,2412
19,1000	1,2120
19,2000	1,2094
19,3000	1,3149
19,4000	1,2590
19,5000	1,1865
19,6000	1,2768
19,7000	1,2628
19,8000	1,2819
19,9000	1,2908
20,0000	1,1102
20,1000	1,3188
20,2000	1,2463
20,3000	1,3162
20,4000	1,1204
20,5000	1,1662
20,6000	1,2450
20,7000	1,1052
20,8000	1,2005
20,9000	1,3607
21,0000	1,1891
21,1000	1,3353
21,2000	1,3327
21,3000	1,2870
21,4000	1,2819
21,5000	1,2310
21,6000	1,3925
21,7000	1,3594
21,8000	1,4599
21,9000	1,3696
22,0000	1,2310
22,1000	1,2590
22,2000	1,3467
22,3000	1,3086
22,4000	1,3633
22,5000	1,2476
22,6000	1,3111
22,7000	1,2870
22,8000	1,3582
22,9000	1,3582
23,0000	1,3175
23,1000	1,2590
23,2000	1,2412
23,3000	1,3493
23,4000	1,3086
23,5000	1,2514
23,6000	1,2768
23,7000	1,1942
23,8000	1,2565
23,9000	1,3073
24,0000	1,1878
24,1000	1,2654
24,2000	1,2183
24,3000	1,2743
24,4000	1,1471
24,5000	1,1764
24,6000	1,2120
24,7000	1,2323
24,8000	1,3048
24,9000	0,5864
25,0000	0,9526
25,1000	1,3607
25,2000	1,2755
25,3000	1,2323
25,4000	1,2514
25,5000	1,2399
25,6000	1,2768
25,7000	1,2514
25,8000	1,3900
25,9000	1,3861
26,0000	1,3760
26,1000	1,4789
26,2000	1,4700
26,3000	1,4764
26,4000	1,6849
26,5000	1,6709
26,6000	1,7955
26,7000	1,7447
26,8000	2,0600
26,9000	2,0536
27,0000	2,0295
27,1000	2,4185
27,2000	2,0841
27,3000	2,5329
27,4000	2,6512
27,5000	2,5583
27,6000	2,4973
27,7000	2,8025
27,8000	2,9652
27,9000	3,2360
28,0000	2,8914
28,1000	3,0186
28,2000	2,8991
28,3000	3,8361
28,4000	3,6657
28,5000	3,5322
28,6000	3,6263
28,7000	3,4242
28,8000	3,3720
28,9000	3,5322
29,0000	3,2398
29,1000	3,0008
29,2000	3,2093
29,3000	3,1127
29,4000	2,9042
29,5000	2,6944
29,6000	2,7427
29,7000	2,4694
29,8000	2,6423
29,9000	2,4821
30,0000	2,3638
30,1000	2,1833
30,2000	2,1375
30,3000	2,3295
30,4000	2,3600
30,5000	1,9290
30,6000	1,9252
30,7000	1,8197
30,8000	1,9176
30,9000	2,0193
31,0000	1,6213
31,1000	1,8515
31,2000	1,6900
31,3000	1,6722
31,4000	1,7027
31,5000	1,6417
31,6000	1,5260
31,7000	1,7014
31,8000	1,6315
31,9000	1,5374
32,0000	1,4650
32,1000	1,5285
32,2000	1,5641
32,3000	1,5133
32,4000	1,5082
32,5000	1,3912
32,6000	1,5234
32,7000	1,3874
32,8000	1,4713
32,9000	1,5158
33,0000	1,4294
33,1000	1,3836
33,2000	1,5095
33,3000	1,5018
33,4000	1,4853
33,5000	1,3696
33,6000	1,3798
33,7000	1,3238
33,8000	1,5374
33,9000	1,4065
34,0000	1,2933
34,1000	1,2819
34,2000	1,2844
34,3000	1,3633
34,4000	1,4230
34,5000	1,3696
34,6000	1,3467
34,7000	1,3327
34,8000	1,4256
34,9000	1,3823
35,0000	1,3976
35,1000	1,3226
35,2000	1,2552
35,3000	1,3366
35,4000	1,3226
35,5000	1,1687
35,6000	1,2870
35,7000	1,3480
35,8000	1,3620
35,9000	1,2539
36,0000	1,2539
36,1000	1,2755
36,2000	1,3111
36,3000	1,4319
36,4000	1,3289
36,5000	1,3162
36,6000	1,3709
36,7000	1,2539
36,8000	1,4739
36,9000	1,2717
37,0000	1,2425
37,1000	1,3556
37,2000	1,3836
37,3000	1,4726
37,4000	1,3277
37,5000	1,2946
37,6000	1,2666
37,7000	1,2526
37,8000	1,4472
37,9000	1,4027
38,0000	1,2895
38,1000	1,2730
38,2000	1,3811
38,3000	1,3683
38,4000	1,3073
38,5000	1,2959
38,6000	1,1535
38,7000	1,2476
38,8000	1,4713
38,9000	1,3734
39,0000	1,2387
39,1000	1,2933
39,2000	1,3086
39,3000	1,3772
39,4000	1,3111
39,5000	1,3683
39,6000	1,4599
39,7000	1,2628
39,8000	1,4205
39,9000	1,3912
40,0000	1,4993
40,1000	1,4306
40,2000	1,4192
40,3000	1,4357
40,4000	1,3671
40,5000	1,3327
40,6000	1,3213
40,7000	1,3327
40,8000	1,4777
40,9000	1,4217
41,0000	1,3353
41,1000	1,3569
41,2000	1,3404
41,3000	1,4828
41,4000	1,3582
41,5000	1,3188
41,6000	1,3327
41,7000	1,2768
41,8000	1,4014
41,9000	1,2755
42,0000	1,2755
42,1000	1,3264
42,2000	1,2730
42,3000	1,3722
42,4000	1,5044
42,5000	1,3353
42,6000	1,2425
42,7000	1,3594
42,8000	1,4535
42,9000	1,2743
43,0000	1,2921
43,1000	1,3683
43,2000	1,3582
43,3000	1,2997
43,4000	1,3467
43,5000	1,2730
43,6000	1,3111
43,7000	1,1865
43,8000	1,2946
43,9000	1,4141
44,0000	1,2056
44,1000	1,3722
44,2000	1,2819
44,3000	1,3493
44,4000	1,3925
44,5000	1,2234
44,6000	1,4370
44,7000	1,3149
44,8000	1,2781
44,9000	1,3455
45,0000	1,2730
45,1000	1,3747
45,2000	1,2921
45,3000	1,2844
45,4000	1,3251
45,5000	1,1115
45,6000	1,2615
45,7000	1,2387
45,8000	1,3137
45,9000	1,2768
46,0000	1,2259
46,1000	1,3950
46,2000	1,2158
46,3000	1,3633
46,4000	1,3658
46,5000	1,2310
46,6000	1,4446
46,7000	1,2895
46,8000	1,3378
46,9000	1,4395
47,0000	1,3645
47,1000	1,2717
47,2000	1,2679
47,3000	1,2959
47,4000	1,2857
47,5000	1,2412
47,6000	1,2666
47,7000	1,3073
47,8000	1,3518
47,9000	1,4535
48,0000	1,2183
48,1000	1,2425
48,2000	1,3836
48,3000	1,4484
48,4000	1,2272
48,5000	1,2755
48,6000	1,1954
48,7000	1,4446
48,8000	1,3175
48,9000	1,3938
49,0000	1,3442
49,1000	1,3048
49,2000	1,2921
49,3000	1,4205
49,4000	1,4179
49,5000	1,2870
49,6000	1,3073
49,7000	1,2450
49,8000	1,3340
49,9000	1,3671
50,0000	1,2679
50,1000	1,3188
50,2000	1,3188
50,3000	1,3404
50,4000	1,4230
50,5000	1,2361
50,6000	1,3404
50,7000	1,3607
50,8000	1,4078
50,9000	1,3772
51,0000	1,2692
51,1000	1,3989
51,2000	1,2514
51,3000	1,4268
51,4000	1,3772
51,5000	1,3556
51,6000	1,3760
51,7000	1,3277
51,8000	1,3734
51,9000	1,1751
52,0000	1,3226
52,1000	1,3505
52,2000	1,2895
52,3000	1,4001
52,4000	1,4103
52,5000	1,3823
52,6000	1,3633
52,7000	1,3683
52,8000	1,5260
52,9000	1,3760
53,0000	1,3658
53,1000	1,4917
53,2000	1,4459
53,3000	1,4167
53,4000	1,3200
53,5000	1,3404
53,6000	1,3925
53,7000	1,5463
53,8000	1,4294
53,9000	1,3989
54,0000	1,3302
54,1000	1,3874
54,2000	1,3925
54,3000	1,3798
54,4000	1,4637
54,5000	1,1535
54,6000	1,3556
54,7000	1,2793
54,8000	1,4027
54,9000	1,2336
55,0000	1,2857
55,1000	1,2870
55,2000	1,2933
55,3000	1,3429
55,4000	1,4192
55,5000	1,2679
55,6000	1,3404
55,7000	1,3683
55,8000	1,3531
55,9000	1,3442
56,0000	1,2819
56,1000	1,3836
56,2000	1,2959
56,3000	1,3645
56,4000	1,4637
56,5000	1,2069
56,6000	1,2641
56,7000	1,3467
56,8000	1,3467
56,9000	1,3811
57,0000	1,2933
57,1000	1,1878
57,2000	1,2857
57,3000	1,3404
57,4000	1,4573
57,5000	1,1776
57,6000	1,4586
57,7000	1,2908
57,8000	1,4154
57,9000	1,4967
58,0000	1,4256
58,1000	1,4332
58,2000	1,3556
58,3000	1,3925
58,4000	1,5095
58,5000	1,3544
58,6000	1,4128
58,7000	1,3938
58,8000	1,3302
58,9000	1,5896
59,0000	1,2323
59,1000	1,3722
59,2000	1,4650
59,3000	1,4624
59,4000	1,3772
59,5000	1,3518
59,6000	1,3544
59,7000	1,3378
59,8000	1,4167
59,9000	1,3353
60,0000	1,1954
60,1000	1,3582
60,2000	1,3760
60,3000	1,3213
60,4000	1,2832
60,5000	1,3900
60,6000	1,2921
60,7000	1,2310
60,8000	1,3645
60,9000	1,3989
61,0000	1,3760
61,1000	1,3938
61,2000	1,2323
61,3000	1,4192
61,4000	1,2819
61,5000	1,2946
61,6000	1,4688
61,7000	1,1865
61,8000	1,2425
61,9000	1,3874
62,0000	1,2412
62,1000	1,3683
62,2000	1,3531
62,3000	1,3251
62,4000	1,3798
62,5000	1,3035
62,6000	1,2348
62,7000	1,2997
62,8000	1,3429
62,9000	1,2997
63,0000	1,3849
63,1000	1,3556
63,2000	1,3391
63,3000	1,3963
63,4000	1,4128
63,5000	1,3404
63,6000	1,2819
63,7000	1,3849
63,8000	1,3811
63,9000	1,3671
64,0000	1,2514
64,1000	1,4103
64,2000	1,3238
64,3000	1,1738
64,4000	1,4764
64,5000	1,3887
64,6000	1,3633
64,7000	1,1865
64,8000	1,5959
64,9000	1,5323
65,0000	1,3607
65,1000	1,2476
65,2000	1,3480
65,3000	1,4967
65,4000	1,4548
65,5000	1,2196
65,6000	1,3289
65,7000	1,2577
65,8000	1,3607
65,9000	1,4027
66,0000	1,2793
66,1000	1,3416
66,2000	1,2221
66,3000	1,3378
66,4000	1,3366
66,5000	1,2959
66,6000	1,3073
66,7000	1,3327
66,8000	1,4179
66,9000	1,3416
67,0000	1,1713
67,1000	1,3849
67,2000	1,3264
67,3000	1,3213
67,4000	1,2425
67,5000	1,3734
67,6000	1,3950
67,7000	1,2692
67,8000	1,3582
67,9000	1,3823
68,0000	1,3544
68,1000	1,2882
68,2000	1,3289
68,3000	1,3594
68,4000	1,3811
68,5000	1,1814
68,6000	1,3989
68,7000	1,3671
68,8000	1,3989
68,9000	1,3747
69,0000	1,3404
69,1000	1,3950
69,2000	1,2704
69,3000	1,3900
69,4000	1,4561
69,5000	1,2234
69,6000	1,4675
69,7000	1,2158
69,8000	1,4599
69,9000	1,2348
70,0000	1,2425
70,1000	1,3887
70,2000	1,2603
70,3000	1,2501
70,4000	1,3493
70,5000	1,3277
70,6000	1,2654
70,7000	1,4027
70,8000	1,2348
70,9000	1,2908
71,0000	1,2997
71,1000	1,2476
71,2000	1,2476
71,3000	1,4510
71,4000	1,2921
71,5000	1,2488
71,6000	1,3658
71,7000	1,3149
71,8000	1,2526
71,9000	1,1217
72,0000	1,2692
72,1000	1,2323
72,2000	1,2526
72,3000	1,1942
72,4000	1,3950
72,5000	1,1764
72,6000	1,2895
72,7000	1,1840
72,8000	1,3226
72,9000	1,3594
73,0000	1,2743
73,1000	1,2933
73,2000	1,1751
73,3000	1,2437
73,4000	1,3505
73,5000	1,3137
73,6000	1,2666
73,7000	1,2984
73,8000	1,2437
73,9000	1,4637
74,0000	1,1802
74,1000	1,3264
74,2000	1,3493
74,3000	1,3378
74,4000	1,3633
74,5000	1,2870
74,6000	1,1649
74,7000	1,2170
74,8000	1,5107
74,9000	1,3594
75,0000	1,2844
75,1000	1,2107
75,2000	1,2704
75,3000	1,2717
75,4000	1,3760
75,5000	1,2704
75,6000	1,1980
75,7000	1,1916
75,8000	1,4090
75,9000	1,2501
76,0000	1,1382
76,1000	1,2603
76,2000	1,3226
76,3000	1,2806
76,4000	1,3493
76,5000	1,1776
76,6000	1,2997
76,7000	1,2692
76,8000	1,1725
76,9000	1,3226
77,0000	1,1942
77,1000	1,2539
77,2000	1,2323
77,3000	1,2984
77,4000	1,2666
77,5000	1,1306
77,6000	1,2399
77,7000	1,2832
77,8000	1,3734
77,9000	1,2933
78,0000	1,2361
78,1000	1,2196
78,2000	1,2081
78,3000	1,2781
78,4000	1,3251
78,5000	1,1649
78,6000	1,2921
78,7000	1,1967
78,8000	1,2526
78,9000	1,2565
79,0000	1,1268
79,1000	1,1903
79,2000	1,3315
79,3000	1,2921
79,4000	1,3124
79,5000	1,2272
79,6000	1,2450
79,7000	1,2704
79,8000	1,2654
79,9000	1,2921
80,0000	1,1611
80,1000	1,2539
80,2000	1,2120
80,3000	1,3175
80,4000	1,2743
80,5000	1,1725
80,6000	1,3429
80,7000	1,3607
80,8000	1,3404
80,9000	1,1929
81,0000	1,3569
81,1000	1,3073
81,2000	1,1980
81,3000	1,3086
81,4000	1,2285
81,5000	1,3149
81,6000	1,1598
81,7000	1,1204
81,8000	1,2565
81,9000	1,3277
82,0000	1,1649
82,1000	1,1369
82,2000	1,2997
82,3000	1,1942
82,4000	1,3404
82,5000	1,3709
82,6000	1,2946
82,7000	1,1827
82,8000	1,3289
82,9000	1,3010
83,0000	1,1636
83,1000	1,1967
83,2000	1,2641
83,3000	1,2259
83,4000	1,3366
83,5000	1,0823
83,6000	1,2565
83,7000	1,1853
83,8000	1,3416
83,9000	1,2412
84,0000	1,1954
84,1000	1,3404
84,2000	1,2679
84,3000	1,2247
84,4000	1,2921
84,5000	1,1802
84,6000	1,1357
84,7000	1,2145
84,8000	1,4891
84,9000	1,1497
85,0000	1,3251
85,1000	1,2196
85,2000	1,2145
85,3000	1,2412
85,4000	1,1802
85,5000	1,2005
85,6000	1,2043
85,7000	1,2514
85,8000	1,3315
85,9000	1,2183
86,0000	1,1929
86,1000	1,2692
86,2000	1,1077
86,3000	1,2399
86,4000	1,2590
86,5000	1,1344
86,6000	1,1484
86,7000	1,2272
86,8000	1,3620
86,9000	1,2183
87,0000	1,2374
87,1000	1,2666
87,2000	1,2692
87,3000	1,2374
87,4000	1,3455
87,5000	1,1675
87,6000	1,1433
87,7000	1,0975
87,8000	1,2628
87,9000	1,1992
88,0000	1,2463
88,1000	1,2666
88,2000	1,1725
88,3000	1,3785
88,4000	1,2628
88,5000	1,0645
88,6000	1,1840
88,7000	1,2641
88,8000	1,2832
88,9000	1,1802
89,0000	1,1725
89,1000	1,3124
89,2000	1,1713
89,3000	1,2437
89,4000	1,3556
89,5000	1,2755
89,6000	1,2336
89,7000	1,2272
89,8000	1,2565
89,9000	1,2628
90,0000	1,3010
90,1000	1,1420
90,2000	1,3137
90,3000	1,1738
90,4000	1,3251
90,5000	1,1853
90,6000	1,2158
90,7000	1,1636
90,8000	1,2043
90,9000	1,2997
91,0000	1,1814
91,1000	1,1929
91,2000	1,1700
91,3000	1,3124
91,4000	1,2374
91,5000	1,1395
91,6000	1,2221
91,7000	1,2209
91,8000	1,1814
91,9000	1,3887
92,0000	1,3162
92,1000	1,2361
92,2000	1,1992
92,3000	1,2387
92,4000	1,2514
92,5000	1,1776
92,6000	1,1776
92,7000	1,2081
92,8000	1,3289
92,9000	1,2514
93,0000	1,1662
93,1000	1,3302
93,2000	1,2946
93,3000	1,1865
93,4000	1,3569
93,5000	1,2577
93,6000	1,2768
93,7000	1,2209
93,8000	1,4039
93,9000	1,2552
94,0000	1,2272
94,1000	1,2984
94,2000	1,3124
94,3000	1,2946
94,4000	1,2921
94,5000	1,2056
94,6000	1,3950
94,7000	1,2488
94,8000	1,3544
94,9000	1,3048
95,0000	1,1293
95,1000	1,3302
95,2000	1,2615
95,3000	1,3060
95,4000	1,3683
95,5000	1,3671
95,6000	1,3251
95,7000	1,1242
95,8000	1,3594
95,9000	1,3175
96,0000	1,1357
96,1000	1,2488
96,2000	1,2501
96,3000	1,3035
96,4000	1,2018
96,5000	1,2692
96,6000	1,2374
96,7000	1,3022
96,8000	1,3302
96,9000	1,3340
97,0000	1,2882
97,1000	1,3518
97,2000	1,2946
97,3000	1,2221
97,4000	1,3048
97,5000	1,2870
97,6000	1,2666
97,7000	1,3404
97,8000	1,2654
97,9000	1,2984
98,0000	1,3366
98,1000	1,2565
98,2000	1,1535
98,3000	1,3213
98,4000	1,3289
98,5000	1,3200
98,6000	1,2310
98,7000	1,3340
98,8000	1,3048
98,9000	1,3658
99,0000	1,3035
99,1000	1,2476
99,2000	1,3747
99,3000	1,3213
99,4000	1,3798
99,5000	1,1077
99,6000	1,3493
99,7000	1,4103
99,8000	1,2514
99,9000	1,2170
100,0000	1,2552
100,1000	1,3607
100,2000	1,2412
100,3000	1,3340
100,4000	1,3378
100,5000	1,2730
100,6000	1,2323
100,7000	1,3887
100,8000	1,2666
100,9000	1,2539
101,0000	1,2463
101,1000	1,3149
101,2000	1,2298
101,3000	1,4230
101,4000	1,2412
101,5000	1,2628
101,6000	1,3099
101,7000	1,2259
101,8000	1,2704
101,9000	1,3683
102,0000	1,3645
102,1000	1,2908
102,2000	1,1408
102,3000	1,2870
102,4000	1,2437
102,5000	1,2031
102,6000	1,2590
102,7000	1,3289
102,8000	1,3785
102,9000	1,3060
103,0000	1,1840
103,1000	1,2437
103,2000	1,2107
103,3000	1,2056
103,4000	1,4027
103,5000	1,2895
103,6000	1,0950
103,7000	1,2476
103,8000	1,3149
103,9000	1,3404
104,0000	1,3836
104,1000	1,5056
104,2000	1,3200
104,3000	1,1624
104,4000	1,2565
104,5000	1,4230
104,6000	1,3556
104,7000	1,2348
104,8000	1,2921
104,9000	1,3327
105,0000	1,3073
105,1000	1,4243
105,2000	1,1446
105,3000	1,3429
105,4000	1,5514
105,5000	1,3480
105,6000	1,3073
105,7000	1,3289
105,8000	1,4548
105,9000	1,2832
106,0000	1,3137
106,1000	1,3366
106,2000	1,3429
106,3000	1,3238
106,4000	1,4052
106,5000	1,2501
106,6000	1,2654
106,7000	1,2132
106,8000	1,2717
106,9000	1,3188
107,0000	1,1662
107,1000	1,3582
107,2000	1,3607
107,3000	1,3594
107,4000	1,4268
107,5000	1,1942
107,6000	1,2577
107,7000	1,2488
107,8000	1,3976
107,9000	1,5247
108,0000	1,2908
108,1000	1,3060
108,2000	1,1929
108,3000	1,3416
108,4000	1,3277
108,5000	1,1802
108,6000	1,4548
108,7000	1,2692
108,8000	1,2704
108,9000	1,3938
109,0000	1,3340
109,1000	1,3811
109,2000	1,3277
109,3000	1,3569
109,4000	1,3467
109,5000	1,1700
109,6000	1,2221
109,7000	1,3010
109,8000	1,3442
109,9000	1,3493
110,0000	1,1636
110,1000	1,2463
110,2000	1,2679
110,3000	1,2043
110,4000	1,3887
110,5000	1,3073
110,6000	1,1573
110,7000	1,1980
110,8000	1,2145
110,9000	1,4472
111,0000	1,1903
111,1000	1,4116
111,2000	1,2743
111,3000	1,2819
111,4000	1,3874
111,5000	1,3035
111,6000	1,3404
111,7000	1,3620
111,8000	1,3251
111,9000	1,4256
112,0000	1,3238
112,1000	1,3327
112,2000	1,2615
112,3000	1,3925
112,4000	1,4688
112,5000	1,2641
112,6000	1,2056
112,7000	1,3327
112,8000	1,4027
112,9000	1,3722
113,0000	1,1586
113,1000	1,2933
113,2000	1,3416
113,3000	1,4256
113,4000	1,3366
113,5000	1,3633
113,6000	1,2933
113,7000	1,3340
113,8000	1,2819
113,9000	1,2946
114,0000	1,2565
114,1000	1,3887
114,2000	1,2514
114,3000	1,3149
114,4000	1,2882
114,5000	1,2348
114,6000	1,3124
114,7000	1,3531
114,8000	1,3836
114,9000	1,3149
115,0000	1,2946
115,1000	1,3035
115,2000	1,2793
115,3000	1,2654
115,4000	1,3010
115,5000	1,1573
115,6000	1,2298
115,7000	1,3556
115,8000	1,3887
115,9000	1,2781
116,0000	1,1624
116,1000	1,2921
116,2000	1,3289
116,3000	1,2552
116,4000	1,2501
116,5000	1,2704
116,6000	1,2145
116,7000	1,3353
116,8000	1,3747
116,9000	1,3302
117,0000	1,1814
117,1000	1,2882
117,2000	1,1217
117,3000	1,2870
117,4000	1,2056
117,5000	1,2755
117,6000	1,2132
117,7000	1,3607
117,8000	1,2743
117,9000	1,3086
118,0000	1,1840
118,1000	1,2526
118,2000	1,2285
118,3000	1,1865
118,4000	1,2679
118,5000	1,2259
118,6000	1,2933
118,7000	1,1560
118,8000	1,2234
118,9000	1,3861
119,0000	1,2183
119,1000	1,3607
119,2000	1,1700
119,3000	1,3099
119,4000	1,3188
119,5000	1,3111
119,6000	1,2145
119,7000	1,1547
119,8000	1,3073
119,9000	1,3353
120,0000	1,3874
