0,0000	0,6678
0,1000	0,2750
0,2000	-0,0976
0,3000	0,0270
0,4000	0,0220
0,5000	0,0181
0,6000	0,0207
0,7000	0,0207
0,8000	0,0156
0,9000	0,0194
1,0000	0,0156
1,1000	0,0143
1,2000	0,0194
1,3000	0,0143
1,4000	0,0156
1,5000	0,0156
1,6000	0,0207
1,7000	0,0207
1,8000	0,0156
1,9000	0,0258
2,0000	2,0841
2,1000	2,3715
2,2000	1,7180
2,3000	1,9888
2,4000	1,9544
2,5000	1,8985
2,6000	1,8782
2,7000	1,8972
2,8000	1,8705
2,9000	1,8578
3,0000	1,7726
3,1000	1,8171
3,2000	1,9837
3,3000	1,7434
3,4000	1,8578
3,5000	1,8832
3,6000	1,7498
3,7000	1,7281
3,8000	1,8782
3,9000	1,8743
4,0000	1,7663
4,1000	1,6442
4,2000	1,7409
4,3000	1,9455
4,4000	1,8108
4,5000	1,7625
4,6000	1,7981
4,7000	1,6887
4,8000	1,8693
4,9000	1,7930
5,0000	1,7879
5,1000	1,7218
5,2000	1,7548
5,3000	1,6519
5,4000	1,7548
5,5000	1,7345
5,6000	1,7243
5,7000	1,7192
5,8000	1,6836
5,9000	1,8222
6,0000	1,7345
6,1000	1,8985
6,2000	1,7142
6,3000	1,7040
6,4000	1,8324
6,5000	1,6658
6,6000	1,7281
6,7000	1,7167
6,8000	1,6150
6,9000	1,8082
7,0000	1,6747
7,1000	1,6455
7,2000	1,6811
7,3000	1,6557
7,4000	1,9163
7,5000	1,7320
7,6000	1,7663
7,7000	1,7078
7,8000	1,7523
7,9000	1,7523
8,0000	1,6786
8,1000	1,7599
8,2000	1,6023
8,3000	1,5959
8,4000	1,7167
8,5000	1,7765
8,6000	1,5959
8,7000	1,6824
8,8000	1,7154
8,9000	1,6531
9,0000	1,6786
9,1000	1,5768
9,2000	1,6264
9,3000	1,6035
9,4000	1,7803
9,5000	1,7014
9,6000	1,6290
9,7000	1,5743
9,8000	1,6341
9,9000	1,6544
10,0000	1,5374
10,1000	1,6747
10,2000	1,5845
10,3000	1,5654
10,4000	1,6938
10,5000	1,5934
10,6000	1,6201
10,7000	1,6366
10,8000	1,5578
10,9000	1,7447
11,0000	1,5501
11,1000	1,7154
11,2000	1,6315
11,3000	1,5107
11,4000	1,6455
11,5000	1,6124
11,6000	1,6124
11,7000	1,5425
11,8000	1,5018
11,9000	1,7269
12,0000	1,5985
12,1000	1,5527
12,2000	1,5323
12,3000	1,5705
12,4000	1,7002
12,5000	1,6964
12,6000	1,4993
12,7000	1,5451
12,8000	1,4764
12,9000	1,5476
13,0000	1,6277
13,1000	1,4611
13,2000	1,6150
13,3000	1,6302
13,4000	1,6506
13,5000	1,6455
13,6000	1,5756
13,7000	1,4878
13,8000	1,4866
13,9000	1,6760
14,0000	1,4662
14,1000	1,5056
14,2000	1,5972
14,3000	1,4917
14,4000	1,6964
14,5000	1,6150
14,6000	1,4929
14,7000	1,7142
14,8000	1,5412
14,9000	1,7269
15,0000	1,6519
15,1000	1,5133
15,2000	1,6798
15,3000	1,5603
15,4000	1,6264
15,5000	1,6023
15,6000	1,5667
15,7000	1,4700
15,8000	1,5908
15,9000	1,6150
16,0000	1,4256
16,1000	1,6506
16,2000	1,5412
16,3000	1,5120
16,4000	1,6188
16,5000	1,4408
16,6000	1,6074
16,7000	1,5896
16,8000	1,4281
16,9000	1,6277
17,0000	1,5857
17,1000	1,5311
17,2000	1,5959
17,3000	1,5018
17,4000	1,7370
17,5000	1,5514
17,6000	1,5336
17,7000	1,5705
17,8000	1,6722
17,9000	1,6188
18,0000	1,6480
18,1000	1,5247
18,2000	1,4942
18,3000	1,4599
18,4000	1,6099
18,5000	1,5641
18,6000	1,5451
18,7000	1,5387
18,8000	1,4408
18,9000	1,6722
19,0000	1,6595
19,1000	1,5501
19,2000	1,5349
19,3000	1,6252
19,4000	1,5908
19,5000	1,5501
19,6000	1,6531
19,7000	1,5095
19,8000	1,4700
19,9000	1,6086
20,0000	1,4230
20,1000	1,4726
20,2000	1,5349
20,3000	1,4319
20,4000	1,4878
20,5000	1,5527
20,6000	1,4230
20,7000	1,5031
20,8000	1,4535
20,9000	1,6213
21,0000	1,4268
21,1000	1,5311
21,2000	1,5196
21,3000	1,4001
21,4000	1,5794
21,5000	1,4128
21,6000	1,5641
21,7000	1,5489
21,8000	1,5565
21,9000	1,4586
22,0000	1,4726
22,1000	1,5374
22,2000	1,4866
22,3000	1,4205
22,4000	1,5336
22,5000	1,5311
22,6000	1,5018
22,7000	1,5234
22,8000	1,5705
22,9000	1,4929
23,0000	1,5514
23,1000	1,6099
23,2000	1,4993
23,3000	1,3900
23,4000	1,5718
23,5000	1,5540
23,6000	1,5959
23,7000	1,4395
23,8000	1,5044
23,9000	1,6582
24,0000	1,5743
24,1000	1,5603
24,2000	1,4866
24,3000	1,4319
24,4000	1,6353
24,5000	1,4573
24,6000	1,3569
24,7000	1,5527
24,8000	1,5374
24,9000	1,5387
25,0000	1,4675
25,1000	1,5590
25,2000	1,5171
25,3000	1,4039
25,4000	1,5311
25,5000	1,5298
25,6000	1,6595
25,7000	1,5056
25,8000	1,4535
25,9000	1,5209
26,0000	1,5362
26,1000	1,4878
26,2000	1,4891
26,3000	1,4510
26,4000	1,5006
26,5000	1,6569
26,6000	1,5616
26,7000	1,5412
26,8000	1,5107
26,9000	1,6811
27,0000	2,2341
27,1000	1,9125
27,2000	1,2209
27,3000	1,5298
27,4000	1,6875
27,5000	1,4039
27,6000	1,7332
27,7000	1,6213
27,8000	1,5781
27,9000	1,5552
28,0000	1,5946
28,1000	1,4942
28,2000	1,4967
28,3000	2,1019
28,4000	1,7243
28,5000	2,0142
28,6000	2,3117
28,7000	2,1998
28,8000	2,4579
28,9000	2,6893
29,0000	2,6639
29,1000	2,8558
29,2000	2,8419
29,3000	2,7262
29,4000	2,8800
29,5000	3,2551
29,6000	2,8203
29,7000	2,9436
29,8000	2,7567
29,9000	2,9957
30,0000	3,1216
30,1000	3,0567
30,2000	2,7109
30,3000	2,9398
30,4000	3,0745
30,5000	2,9741
30,6000	2,9817
30,7000	3,1750
30,8000	3,0300
30,9000	3,2423
31,0000	2,9970
31,1000	2,9601
31,2000	2,9436
31,3000	2,7745
31,4000	3,2093
31,5000	2,8571
31,6000	3,2665
31,7000	2,6969
31,8000	2,8355
31,9000	3,0555
32,0000	2,8330
32,1000	3,0694
32,2000	2,7058
32,3000	3,0440
32,4000	2,8965
32,5000	2,7859
32,6000	2,9881
32,7000	3,0262
32,8000	2,9957
32,9000	2,9220
33,0000	2,9372
33,1000	3,0071
33,2000	3,0008
33,3000	2,8838
33,4000	2,9792
33,5000	3,1000
33,6000	2,8940
33,7000	2,8762
33,8000	2,8114
33,9000	3,0466
34,0000	2,9677
34,1000	2,8902
34,2000	2,7808
34,3000	2,9677
34,4000	3,0211
34,5000	3,1928
34,6000	3,0262
34,7000	2,7808
34,8000	2,7503
34,9000	3,0110
35,0000	3,1584
35,1000	2,8101
35,2000	2,8177
35,3000	2,8978
35,4000	2,9487
35,5000	2,8609
35,6000	2,8609
35,7000	2,8533
35,8000	2,8953
35,9000	2,9220
36,0000	2,7363
36,1000	2,9677
36,2000	2,8762
36,3000	2,7300
36,4000	2,9436
36,5000	2,7783
36,6000	2,7961
36,7000	2,8927
36,8000	2,6028
36,9000	3,0644
37,0000	2,8673
37,1000	3,0936
37,2000	2,8126
37,3000	2,7834
37,4000	2,8025
37,5000	3,0402
37,6000	2,7770
37,7000	2,7325
37,8000	2,9220
37,9000	3,0033
38,0000	2,9741
38,1000	2,9474
38,2000	2,7630
38,3000	2,6817
38,4000	2,9932
38,5000	3,0135
38,6000	2,7948
38,7000	2,8991
38,8000	2,6156
38,9000	2,7592
39,0000	2,9398
39,1000	2,7109
39,2000	2,4643
39,3000	2,7986
39,4000	2,6855
39,5000	2,7986
39,6000	2,6664
39,7000	2,8775
39,8000	2,5227
39,9000	2,7020
40,0000	3,0211
40,1000	2,7211
40,2000	2,7084
40,3000	2,7529
40,4000	2,9728
40,5000	2,8215
40,6000	2,7363
40,7000	2,7592
40,8000	2,5825
40,9000	2,9474
41,0000	2,6435
41,1000	2,8864
41,2000	2,6791
41,3000	2,6639
41,4000	2,7580
41,5000	2,5761
41,6000	2,7936
41,7000	2,7313
41,8000	2,7414
41,9000	2,8597
42,0000	2,8190
42,1000	2,6817
42,2000	2,8139
42,3000	2,5482
42,4000	2,7961
42,5000	2,8698
42,6000	2,5494
42,7000	2,9131
42,8000	2,5723
42,9000	2,4808
43,0000	2,9092
43,1000	2,6257
43,2000	2,6969
43,3000	2,7033
43,4000	2,6384
43,5000	2,6982
43,6000	2,7007
43,7000	2,5596
43,8000	2,4706
43,9000	2,8063
44,0000	2,7719
44,1000	2,5571
44,2000	2,5126
44,3000	2,7211
44,4000	2,8571
44,5000	2,6372
44,6000	2,8025
44,7000	2,6041
44,8000	2,3854
44,9000	2,8368
45,0000	2,7732
45,1000	2,6143
45,2000	2,4681
45,3000	2,6918
45,4000	2,8508
45,5000	2,7160
45,6000	2,5622
45,7000	2,5850
45,8000	2,5711
45,9000	2,6575
46,0000	2,6728
46,1000	2,7198
46,2000	2,4490
46,3000	2,5240
46,4000	2,8838
46,5000	2,6423
46,6000	2,7719
46,7000	2,6588
46,8000	2,7185
46,9000	2,7058
47,0000	2,7338
47,1000	2,8622
47,2000	2,5367
47,3000	2,6562
47,4000	2,7313
47,5000	2,6524
47,6000	2,6842
47,7000	2,6283
47,8000	2,5304
47,9000	2,7224
48,0000	2,5189
48,1000	2,8203
48,2000	2,7236
48,3000	2,5838
48,4000	2,8991
48,5000	2,7363
48,6000	2,6537
48,7000	2,5266
48,8000	2,6613
48,9000	2,7808
49,0000	2,5787
49,1000	2,7707
49,2000	2,3765
49,3000	2,7707
49,4000	2,5215
49,5000	2,7554
49,6000	2,6537
49,7000	2,6931
49,8000	2,7084
49,9000	2,6079
50,0000	2,6575
50,1000	2,6397
50,2000	2,7084
50,3000	2,5024
50,4000	2,9181
50,5000	2,5494
50,6000	2,6410
50,7000	2,5520
50,8000	2,6041
50,9000	2,6677
51,0000	2,7491
51,1000	2,5812
51,2000	2,6321
51,3000	2,5609
51,4000	2,8025
51,5000	2,8520
51,6000	2,6639
51,7000	2,4910
51,8000	2,7694
51,9000	2,7084
52,0000	2,6079
52,1000	2,6194
52,2000	2,5291
52,3000	2,6359
52,4000	2,8508
52,5000	2,4960
52,6000	2,7338
52,7000	2,5266
52,8000	2,6321
52,9000	2,9003
53,0000	2,6397
53,1000	2,6384
53,2000	2,6601
53,3000	2,6384
53,4000	2,8164
53,5000	2,7300
53,6000	2,6918
53,7000	2,5812
53,8000	2,5456
53,9000	2,6499
54,0000	2,7007
54,1000	2,6105
54,2000	2,6957
54,3000	2,6486
54,4000	2,8152
54,5000	2,6346
54,6000	2,6130
54,7000	2,5596
54,8000	2,6295
54,9000	2,7147
55,0000	2,7491
55,1000	2,5838
55,2000	2,5507
55,3000	2,7300
55,4000	2,7440
55,5000	2,8164
55,6000	2,6918
55,7000	2,6931
55,8000	2,5520
55,9000	2,6944
56,0000	2,6690
56,1000	2,5444
56,2000	2,6842
56,3000	2,4871
56,4000	2,8380
56,5000	2,8126
56,6000	2,5939
56,7000	2,5329
56,8000	2,5838
56,9000	2,5965
57,0000	2,5774
57,1000	2,6041
57,2000	2,6359
57,3000	2,7465
57,4000	2,6041
57,5000	2,5177
57,6000	2,5507
57,7000	2,4198
57,8000	2,5316
57,9000	2,8558
58,0000	2,5189
58,1000	2,7452
58,2000	2,5075
58,3000	2,5711
58,4000	2,6372
58,5000	2,6537
58,6000	2,4401
58,7000	2,5367
58,8000	2,6855
58,9000	2,5469
59,0000	2,6041
59,1000	2,7287
59,2000	2,5100
59,3000	2,6562
59,4000	2,6524
59,5000	2,5672
59,6000	2,7071
59,7000	2,7224
59,8000	2,5545
59,9000	2,7669
60,0000	2,6893
60,1000	2,5812
60,2000	2,4859
60,3000	2,5100
60,4000	2,7605
60,5000	2,7503
60,6000	2,4503
60,7000	2,7147
60,8000	2,4579
60,9000	2,7643
61,0000	2,7656
61,1000	2,3346
61,2000	2,6715
61,3000	2,5723
61,4000	2,5876
61,5000	2,6957
61,6000	2,8164
61,7000	2,4414
61,8000	2,3155
61,9000	2,8152
62,0000	2,6550
62,1000	2,4719
62,2000	2,5558
62,3000	2,4414
62,4000	2,4376
62,5000	2,7147
62,6000	2,6054
62,7000	2,5304
62,8000	2,4071
62,9000	2,6651
63,0000	2,7821
63,1000	2,5355
63,2000	2,5189
63,3000	2,6588
63,4000	2,7185
63,5000	2,5952
63,6000	2,4922
63,7000	2,6003
63,8000	2,5520
63,9000	2,7859
64,0000	2,5825
64,1000	2,4706
64,2000	2,7160
64,3000	2,2977
64,4000	2,7376
64,5000	2,7847
64,6000	2,4452
64,7000	2,4884
64,8000	2,6156
64,9000	2,6918
65,0000	2,6817
65,1000	2,5037
65,2000	2,5622
65,3000	2,4935
65,4000	2,7897
65,5000	2,7084
65,6000	2,7211
65,7000	2,4732
65,8000	2,7681
65,9000	2,6779
66,0000	2,7071
66,1000	2,5456
66,2000	2,5355
66,3000	2,7020
66,4000	2,7389
66,5000	2,7389
66,6000	2,3727
66,7000	2,5660
66,8000	2,4910
66,9000	2,6817
67,0000	2,8101
67,1000	2,5787
67,2000	2,5545
67,3000	2,4554
67,4000	2,7274
67,5000	2,5901
67,6000	2,4045
67,7000	2,5520
67,8000	2,5278
67,9000	2,7808
68,0000	2,4617
68,1000	2,4185
68,2000	2,4007
68,3000	2,4668
68,4000	2,6308
68,5000	2,6651
68,6000	2,4465
68,7000	2,3638
68,8000	2,4655
68,9000	2,5609
69,0000	2,4452
69,1000	2,4617
69,2000	2,4020
69,3000	2,4630
69,4000	2,6384
69,5000	2,5418
69,6000	2,3765
69,7000	2,4160
69,8000	2,4274
69,9000	2,6346
70,0000	2,6690
70,1000	2,5927
70,2000	2,3753
70,3000	2,5800
70,4000	2,4579
70,5000	2,4846
70,6000	2,6804
70,7000	2,6473
70,8000	2,3562
70,9000	2,5889
71,0000	2,5304
71,1000	2,4401
71,2000	2,4922
71,3000	2,4414
71,4000	2,8037
71,5000	2,4719
71,6000	2,4681
71,7000	2,4071
71,8000	2,3664
71,9000	2,6206
72,0000	2,4249
72,1000	2,5736
72,2000	2,2367
72,3000	2,5011
72,4000	2,4910
72,5000	2,6423
72,6000	2,4554
72,7000	2,4465
72,8000	2,4299
72,9000	2,6550
73,0000	2,7007
73,1000	2,5100
73,2000	2,3295
73,3000	2,5126
73,4000	2,6918
73,5000	2,6130
73,6000	2,4999
73,7000	2,5329
73,8000	2,4922
73,9000	2,6537
74,0000	2,6512
74,1000	2,4516
74,2000	2,4274
74,3000	2,3092
74,4000	2,6944
74,5000	2,6028
74,6000	2,4833
74,7000	2,4681
74,8000	2,4439
74,9000	2,4948
75,0000	2,6143
75,1000	2,4617
75,2000	2,5355
75,3000	2,6372
75,4000	2,6753
75,5000	2,4541
75,6000	2,4172
75,7000	2,4808
75,8000	2,5024
75,9000	2,6461
76,0000	2,3626
76,1000	2,5240
76,2000	2,3460
76,3000	2,3155
76,4000	2,6156
76,5000	2,4172
76,6000	2,4516
76,7000	2,2583
76,8000	2,3003
76,9000	2,5316
77,0000	2,5672
77,1000	2,3003
77,2000	2,5367
77,3000	2,4338
77,4000	2,6486
77,5000	2,4871
77,6000	2,3486
77,7000	2,4465
77,8000	2,3537
77,9000	2,6041
78,0000	2,3448
78,1000	2,3308
78,2000	2,4871
78,3000	2,3079
78,4000	2,5736
78,5000	2,3791
78,6000	2,7440
78,7000	2,4121
78,8000	2,4249
78,9000	2,3524
79,0000	2,4833
79,1000	2,4821
79,2000	2,5304
79,3000	2,3028
79,4000	2,4058
79,5000	2,5812
79,6000	2,4871
79,7000	2,4617
79,8000	2,2837
79,9000	2,4528
80,0000	2,4032
80,1000	2,2291
80,2000	2,3816
80,3000	2,4338
80,4000	2,5367
80,5000	2,4096
80,6000	2,2723
80,7000	2,4299
80,8000	2,2176
80,9000	2,5227
81,0000	2,4172
81,1000	2,2634
81,2000	2,3575
81,3000	2,4083
81,4000	2,4833
81,5000	2,4312
81,6000	2,3486
81,7000	2,3880
81,8000	2,1515
81,9000	2,5571
82,0000	2,3893
82,1000	2,2723
82,2000	2,3359
82,3000	2,3142
82,4000	2,5367
82,5000	2,3473
82,6000	2,2430
82,7000	2,3219
82,8000	2,2481
82,9000	2,3003
83,0000	2,3282
83,1000	2,2837
83,2000	2,3511
83,3000	2,3435
83,4000	2,3943
83,5000	2,3384
83,6000	2,4388
83,7000	2,2087
83,8000	2,4668
83,9000	2,4210
84,0000	2,1757
84,1000	2,4808
84,2000	2,4617
84,3000	2,3537
84,4000	2,5189
84,5000	2,3969
84,6000	2,3956
84,7000	2,3142
84,8000	2,3409
84,9000	2,3918
85,0000	2,3155
85,1000	2,4261
85,2000	2,4439
85,3000	2,1744
85,4000	2,4884
85,5000	2,5647
85,6000	2,4363
85,7000	2,4427
85,8000	2,3587
85,9000	2,3562
86,0000	2,5075
86,1000	2,3498
86,2000	2,4032
86,3000	2,2481
86,4000	2,2888
86,5000	2,3867
86,6000	2,3384
86,7000	2,5024
86,8000	2,4681
86,9000	2,5240
87,0000	2,5024
87,1000	2,6550
87,2000	2,3715
87,3000	2,4465
87,4000	2,5825
87,5000	2,4121
87,6000	2,4109
87,7000	2,4452
87,8000	2,3664
87,9000	2,6473
88,0000	2,4401
88,1000	2,3638
88,2000	2,4325
88,3000	2,4172
88,4000	2,3562
88,5000	2,4592
88,6000	2,2316
88,7000	2,4274
88,8000	2,3257
88,9000	2,4414
89,0000	2,5049
89,1000	2,4261
89,2000	2,3727
89,3000	2,2697
89,4000	2,4516
89,5000	2,4325
89,6000	2,3969
89,7000	2,1820
89,8000	2,5685
89,9000	2,3880
90,0000	2,4274
90,1000	2,3727
90,2000	2,4910
90,3000	2,3676
90,4000	2,5291
90,5000	2,5571
90,6000	2,3359
90,7000	2,2723
90,8000	2,3537
90,9000	2,3791
91,0000	2,4592
91,1000	2,3867
91,2000	2,2672
91,3000	2,3397
91,4000	2,5660
91,5000	2,4554
91,6000	2,1261
91,7000	2,4490
91,8000	2,4299
91,9000	2,1935
92,0000	2,4121
92,1000	2,3626
92,2000	2,4083
92,3000	2,2952
92,4000	2,4274
92,5000	2,3295
92,6000	2,6168
92,7000	2,4096
92,8000	2,3333
92,9000	2,4681
93,0000	2,4071
93,1000	2,3015
93,2000	2,3651
93,3000	2,2532
93,4000	2,5138
93,5000	2,4643
93,6000	2,3753
93,7000	2,3854
93,8000	2,4935
93,9000	2,4338
94,0000	2,2748
94,1000	2,3066
94,2000	2,3486
94,3000	2,3079
94,4000	2,4503
94,5000	2,4655
94,6000	2,2392
94,7000	2,4185
94,8000	2,0918
94,9000	2,4783
95,0000	2,4694
95,1000	2,4299
95,2000	2,2901
95,3000	2,4249
95,4000	2,5177
95,5000	2,4783
95,6000	2,4071
95,7000	2,2685
95,8000	2,3473
95,9000	2,6855
96,0000	2,5749
96,1000	2,4414
96,2000	2,4732
96,3000	2,3193
96,4000	2,5088
96,5000	2,6639
96,6000	2,4020
96,7000	2,3791
96,8000	2,4757
96,9000	2,4147
97,0000	2,4249
97,1000	2,4452
97,2000	2,4160
97,3000	2,3994
97,4000	2,4884
97,5000	2,5037
97,6000	2,3689
97,7000	2,2774
97,8000	2,4528
97,9000	2,4490
98,0000	2,2545
98,1000	2,4477
98,2000	2,2558
98,3000	2,4096
98,4000	2,5278
98,5000	2,6372
98,6000	2,3715
98,7000	2,2252
98,8000	2,4071
98,9000	2,5774
99,0000	2,3626
99,1000	2,3320
99,2000	2,3448
99,3000	2,2469
99,4000	2,4795
99,5000	2,6410
99,6000	2,3066
99,7000	2,2329
99,8000	2,2481
99,9000	2,5240
100,0000	2,4452
100,1000	2,4566
100,2000	2,2748
100,3000	2,3880
100,4000	2,4071
100,5000	2,3867
100,6000	2,3231
100,7000	2,4414
100,8000	2,2558
100,9000	2,4020
101,0000	2,3943
101,1000	2,3282
101,2000	2,3295
101,3000	2,2647
101,4000	2,3969
101,5000	2,3994
101,6000	2,3778
101,7000	2,4795
101,8000	2,5189
101,9000	2,3969
102,0000	2,4020
102,1000	2,4274
102,2000	2,4783
102,3000	2,5418
102,4000	2,5558
102,5000	2,5189
102,6000	2,3702
102,7000	2,4045
102,8000	2,3943
102,9000	2,5990
103,0000	2,4528
103,1000	2,3600
103,2000	2,3880
103,3000	2,3753
103,4000	2,4605
103,5000	2,3320
103,6000	2,5177
103,7000	2,5838
103,8000	2,1159
103,9000	2,5558
104,0000	2,3893
104,1000	2,3549
104,2000	2,2914
104,3000	2,1985
104,4000	2,4045
104,5000	2,4363
104,6000	2,2723
104,7000	2,3117
104,8000	2,3295
104,9000	2,3041
105,0000	2,4325
105,1000	2,3346
105,2000	2,3867
105,3000	2,3397
105,4000	2,3994
105,5000	2,4096
105,6000	2,2024
105,7000	2,3816
105,8000	2,3893
105,9000	2,3778
106,0000	2,3575
106,1000	2,3791
106,2000	2,3982
106,3000	2,4134
106,4000	2,4058
106,5000	2,3320
106,6000	2,4427
106,7000	2,3893
106,8000	2,2316
106,9000	2,3676
107,0000	2,3587
107,1000	2,5240
107,2000	2,2926
107,3000	2,2825
107,4000	2,4643
107,5000	2,3549
107,6000	2,3409
107,7000	2,2647
107,8000	2,2329
107,9000	2,4999
108,0000	2,4960
108,1000	2,2647
108,2000	2,4045
108,3000	2,2939
108,4000	2,5494
108,5000	2,5177
108,6000	2,4770
108,7000	2,4376
108,8000	2,3791
108,9000	2,3142
109,0000	2,2392
109,1000	2,5660
109,2000	2,2443
109,3000	2,4477
109,4000	2,5049
109,5000	2,5100
109,6000	2,5316
109,7000	2,3689
109,8000	2,4172
109,9000	2,4363
110,0000	2,5456
110,1000	2,3397
110,2000	2,4719
110,3000	2,4172
110,4000	2,4490
110,5000	2,5533
110,6000	2,3155
110,7000	2,3791
110,8000	2,4465
110,9000	2,4236
111,0000	2,4477
111,1000	2,5024
111,2000	2,4261
111,3000	2,3333
111,4000	2,4045
111,5000	2,3219
111,6000	2,5138
111,7000	2,4020
111,8000	2,4223
111,9000	2,5329
112,0000	2,5075
112,1000	2,4465
112,2000	2,3270
112,3000	2,3765
112,4000	2,5507
112,5000	2,4859
112,6000	2,2952
112,7000	2,4694
112,8000	2,4643
112,9000	2,4465
113,0000	2,4477
113,1000	2,4401
113,2000	2,3079
113,3000	2,3028
113,4000	2,5202
113,5000	2,5660
113,6000	2,3270
113,7000	2,5558
113,8000	2,3117
113,9000	2,5075
114,0000	2,5596
114,1000	2,3676
114,2000	2,4630
114,3000	2,1896
114,4000	2,6359
114,5000	2,4948
114,6000	2,5164
114,7000	2,3257
114,8000	2,5393
114,9000	2,6957
115,0000	2,4363
115,1000	2,2596
115,2000	2,4732
115,3000	2,3587
115,4000	2,7300
115,5000	2,2837
115,6000	2,4999
115,7000	2,5965
115,8000	2,3130
115,9000	2,5990
116,0000	2,4427
116,1000	2,3702
116,2000	2,4897
116,3000	2,4121
116,4000	2,4643
116,5000	2,4312
116,6000	2,2863
116,7000	2,6181
116,8000	2,3003
116,9000	2,4198
117,0000	2,5177
117,1000	2,3053
117,2000	2,3740
117,3000	2,5113
117,4000	2,5711
117,5000	2,3740
117,6000	2,5355
117,7000	2,2914
117,8000	2,3333
117,9000	2,6690
118,0000	2,4935
118,1000	2,3664
118,2000	2,5049
118,3000	2,4770
118,4000	2,5749
118,5000	2,1426
118,6000	2,2570
118,7000	2,3816
118,8000	2,3600
118,9000	2,4503
119,0000	2,4503
119,1000	2,1985
119,2000	2,2494
119,3000	2,3409
119,4000	2,3816
119,5000	2,3829
119,6000	2,4274
119,7000	2,2519
119,8000	2,4312
119,9000	2,3956
120,0000	2,3295
