0,0000	0,7212
0,1000	-0,1090
0,2000	-0,1319
0,3000	0,0830
0,4000	0,0436
0,5000	0,0118
0,6000	0,0487
0,7000	0,0410
0,8000	0,0207
0,9000	0,0347
1,0000	0,0359
1,1000	0,0347
1,2000	0,0321
1,3000	0,0296
1,4000	0,0499
1,5000	0,0245
1,6000	0,0321
1,7000	0,0283
1,8000	0,0359
1,9000	0,0537
2,0000	0,0347
2,1000	0,0448
2,2000	0,0410
2,3000	0,0372
2,4000	0,0474
2,5000	0,0436
2,6000	0,0321
2,7000	0,0423
2,8000	0,0347
2,9000	0,0410
3,0000	0,0398
3,1000	0,0398
3,2000	0,0410
3,3000	0,0309
3,4000	0,0372
3,5000	0,0423
3,6000	0,0487
3,7000	0,0309
3,8000	0,0372
3,9000	0,0410
4,0000	0,0398
4,1000	0,0309
4,2000	0,0321
4,3000	0,0372
4,4000	0,0385
4,5000	0,0410
4,6000	0,0372
4,7000	0,0474
4,8000	0,0283
4,9000	0,0512
5,0000	0,0398
5,1000	0,0283
5,2000	0,0499
5,3000	0,0359
5,4000	0,0296
5,5000	0,0334
5,6000	0,0283
5,7000	0,0296
5,8000	0,0410
5,9000	0,0283
6,0000	0,0423
6,1000	0,0512
6,2000	0,0232
6,3000	0,0537
6,4000	0,0359
6,5000	0,0309
6,6000	0,0372
6,7000	0,0334
6,8000	0,0359
6,9000	0,0410
7,0000	0,0359
7,1000	0,0423
7,2000	0,0410
7,3000	0,0359
7,4000	0,0334
7,5000	0,0283
7,6000	0,0385
7,7000	0,0448
7,8000	0,0372
7,9000	0,0347
8,0000	0,0436
8,1000	0,0296
8,2000	0,0372
8,3000	0,0423
8,4000	0,0194
8,5000	0,0347
8,6000	0,0321
8,7000	0,0461
8,8000	0,0372
8,9000	0,0461
9,0000	0,0283
9,1000	0,0359
9,2000	0,0448
9,3000	0,0410
9,4000	0,0347
9,5000	0,0270
9,6000	0,0410
9,7000	0,0398
9,8000	0,0359
9,9000	0,0385
10,0000	0,0309
10,1000	0,0296
10,2000	0,0334
10,3000	0,0334
10,4000	0,0296
10,5000	0,0410
10,6000	0,0436
10,7000	0,0321
10,8000	0,0309
10,9000	0,0347
11,0000	0,0436
11,1000	0,0334
11,2000	0,0334
11,3000	0,0474
11,4000	0,0436
11,5000	0,0436
11,6000	0,0436
11,7000	0,0436
11,8000	0,0283
11,9000	0,0385
12,0000	0,0487
12,1000	0,0334
12,2000	0,0359
12,3000	0,0474
12,4000	0,0398
12,5000	0,0359
12,6000	0,0398
12,7000	0,0359
12,8000	0,0436
12,9000	0,0334
13,0000	0,0487
13,1000	0,0334
13,2000	0,0347
13,3000	0,0474
13,4000	0,0436
13,5000	0,0283
13,6000	0,0410
13,7000	0,0283
13,8000	0,0537
13,9000	0,0423
14,0000	0,0296
14,1000	0,0232
14,2000	0,0385
14,3000	0,0423
14,4000	0,0258
14,5000	0,0283
14,6000	0,0398
14,7000	0,0359
14,8000	0,0448
14,9000	0,0347
15,0000	0,0321
15,1000	0,0525
15,2000	0,0626
15,3000	0,0321
15,4000	0,0359
15,5000	0,0270
15,6000	0,0359
15,7000	0,0245
15,8000	0,0270
15,9000	0,0296
16,0000	0,0385
16,1000	0,0359
16,2000	0,0410
16,3000	0,0385
16,4000	0,0436
16,5000	0,0321
16,6000	0,0436
16,7000	0,0410
16,8000	0,0296
16,9000	0,0359
17,0000	0,0372
17,1000	0,0372
17,2000	0,0283
17,3000	0,0347
17,4000	0,0448
17,5000	0,0283
17,6000	0,0423
17,7000	0,0347
17,8000	0,0359
17,9000	0,0461
18,0000	0,0474
18,1000	0,0385
18,2000	0,0181
18,3000	0,0436
18,4000	0,0398
18,5000	0,0385
18,6000	0,0372
18,7000	0,0309
18,8000	0,0410
18,9000	0,0296
19,0000	0,0372
19,1000	0,0436
19,2000	0,0359
19,3000	0,0448
19,4000	0,0347
19,5000	0,0461
19,6000	0,0334
19,7000	0,0372
19,8000	0,0537
19,9000	0,0423
20,0000	0,0436
20,1000	0,0232
20,2000	0,0296
20,3000	0,0321
20,4000	0,0359
20,5000	0,0487
20,6000	0,0423
20,7000	0,0385
20,8000	0,0372
20,9000	0,0372
21,0000	0,0385
21,1000	0,0385
21,2000	0,0474
21,3000	0,0537
21,4000	0,0359
21,5000	0,0639
21,6000	0,0347
21,7000	0,0385
21,8000	0,0436
21,9000	0,0410
22,0000	0,0372
22,1000	0,0461
22,2000	0,0347
22,3000	0,0474
22,4000	0,0525
22,5000	0,0398
22,6000	0,0270
22,7000	0,0512
22,8000	0,0474
22,9000	0,0423
23,0000	0,0512
23,1000	0,0436
23,2000	0,0525
23,3000	0,0461
23,4000	0,0461
23,5000	0,0537
23,6000	0,0436
23,7000	0,0499
23,8000	0,0410
23,9000	0,0588
24,0000	0,0334
24,1000	0,0461
24,2000	0,0410
24,3000	0,0448
24,4000	0,0283
24,5000	0,0563
24,6000	0,0474
24,7000	0,0359
24,8000	0,0334
24,9000	0,0436
25,0000	0,0601
25,1000	0,0423
25,2000	0,0410
25,3000	0,0398
25,4000	0,0525
25,5000	0,0398
25,6000	0,0258
25,7000	0,0436
25,8000	0,0512
25,9000	0,0423
26,0000	0,0410
26,1000	0,0347
26,2000	0,0537
26,3000	0,0309
26,4000	0,0410
26,5000	0,0321
26,6000	0,0448
26,7000	0,0550
26,8000	0,0537
26,9000	0,0398
27,0000	0,0448
27,1000	0,0423
27,2000	0,0334
27,3000	0,0448
27,4000	0,0448
27,5000	0,0499
27,6000	0,0283
27,7000	0,0385
27,8000	0,0461
27,9000	0,0334
28,0000	0,0385
28,1000	0,0461
28,2000	0,0703
28,3000	0,0537
28,4000	0,0512
28,5000	0,0347
28,6000	0,0321
28,7000	0,0487
28,8000	0,0550
28,9000	0,0423
29,0000	0,0372
29,1000	0,0563
29,2000	0,0474
29,3000	0,0398
29,4000	0,0512
29,5000	0,0398
29,6000	0,0461
29,7000	0,0410
29,8000	0,0207
29,9000	0,0550
30,0000	0,0588
30,1000	0,0448
30,2000	0,0309
30,3000	0,0601
30,4000	0,0321
30,5000	0,0461
30,6000	0,0512
30,7000	0,0461
30,8000	0,0487
30,9000	0,0385
31,0000	0,0550
31,1000	0,0665
31,2000	0,0487
31,3000	0,0550
31,4000	0,0512
31,5000	0,0448
31,6000	0,0525
31,7000	0,0372
31,8000	0,0487
31,9000	0,0652
32,0000	0,0652
32,1000	0,0499
32,2000	0,0626
32,3000	0,0499
32,4000	0,0677
32,5000	0,0588
32,6000	0,0512
32,7000	0,0448
32,8000	0,0576
32,9000	0,0436
33,0000	0,0563
33,1000	0,0487
33,2000	0,0576
33,3000	0,0537
33,4000	0,0525
33,5000	0,0423
33,6000	0,0537
33,7000	0,0461
33,8000	0,0487
33,9000	0,0487
34,0000	0,0588
34,1000	0,0753
34,2000	0,0626
34,3000	0,0372
34,4000	0,0614
34,5000	0,0487
34,6000	0,0766
34,7000	0,0563
34,8000	0,0576
34,9000	0,0652
35,0000	0,0665
35,1000	0,0487
35,2000	0,0639
35,3000	0,0588
35,4000	0,0537
35,5000	0,0537
35,6000	0,0601
35,7000	0,0398
35,8000	0,0576
35,9000	0,0499
36,0000	0,0652
36,1000	0,0347
36,2000	0,0588
36,3000	0,0766
36,4000	0,0385
36,5000	0,0537
36,6000	0,0499
36,7000	0,0436
36,8000	0,0474
36,9000	0,0614
37,0000	0,0512
37,1000	0,0398
37,2000	0,0563
37,3000	0,0525
37,4000	0,0525
37,5000	0,0550
37,6000	0,0461
37,7000	0,0626
37,8000	0,0487
37,9000	0,0614
38,0000	0,0576
38,1000	0,0537
38,2000	0,0614
38,3000	0,0461
38,4000	0,0423
38,5000	0,0474
38,6000	0,0398
38,7000	0,0537
38,8000	0,0601
38,9000	0,0385
39,0000	0,0537
39,1000	0,0639
39,2000	0,0474
39,3000	0,0550
39,4000	0,0512
39,5000	0,0448
39,6000	0,0410
39,7000	0,0410
39,8000	0,0283
39,9000	0,0537
40,0000	0,0487
40,1000	0,0283
40,2000	0,0588
40,3000	0,0601
40,4000	0,0461
40,5000	0,0398
40,6000	0,0398
40,7000	0,0499
40,8000	0,0588
40,9000	0,0626
41,0000	0,0499
41,1000	0,0461
41,2000	0,0563
41,3000	0,0474
41,4000	0,0423
41,5000	0,0474
41,6000	0,0372
41,7000	0,0436
41,8000	0,0372
41,9000	0,0309
42,0000	0,0512
42,1000	0,0537
42,2000	0,0512
42,3000	0,0499
42,4000	0,0537
42,5000	0,0385
42,6000	0,0550
42,7000	0,0677
42,8000	0,0385
42,9000	0,0423
43,0000	0,0448
43,1000	0,0283
43,2000	0,0537
43,3000	0,0588
43,4000	0,0436
43,5000	0,0385
43,6000	0,0715
43,7000	0,0448
43,8000	0,0525
43,9000	0,0550
44,0000	0,0601
44,1000	0,0512
44,2000	0,0512
44,3000	0,0321
44,4000	0,0372
44,5000	0,0690
44,6000	0,0448
44,7000	0,0652
44,8000	0,0639
44,9000	0,0423
45,0000	0,0741
45,1000	0,0588
45,2000	0,0410
45,3000	0,0499
45,4000	0,0537
45,5000	0,0512
45,6000	0,0563
45,7000	0,0690
45,8000	0,0525
45,9000	0,0563
46,0000	0,0665
46,1000	0,0499
46,2000	0,0487
46,3000	0,0550
46,4000	0,0690
46,5000	0,0576
46,6000	0,0614
46,7000	0,0537
46,8000	0,0652
46,9000	0,0588
47,0000	0,0639
47,1000	0,0525
47,2000	0,0525
47,3000	0,0703
47,4000	0,0487
47,5000	0,0677
47,6000	0,0448
47,7000	0,0677
47,8000	0,0563
47,9000	0,0614
48,0000	0,0677
48,1000	0,0537
48,2000	0,0614
48,3000	0,0563
48,4000	0,0601
48,5000	0,0665
48,6000	0,0842
48,7000	0,0690
48,8000	0,0817
48,9000	0,0728
49,0000	0,0550
49,1000	0,0677
49,2000	0,0715
49,3000	0,0677
49,4000	0,0652
49,5000	0,0474
49,6000	0,0715
49,7000	0,0512
49,8000	0,0665
49,9000	0,0817
50,0000	0,0766
50,1000	0,0677
50,2000	0,0537
50,3000	0,0576
50,4000	0,0855
50,5000	0,0639
50,6000	0,0665
50,7000	0,0792
50,8000	0,0931
50,9000	0,0614
51,0000	0,0766
51,1000	0,0639
51,2000	0,0677
51,3000	0,0919
51,4000	0,0550
51,5000	0,0715
51,6000	0,0588
51,7000	0,0487
51,8000	0,0639
51,9000	0,0753
52,0000	0,0639
52,1000	0,0842
52,2000	0,0512
52,3000	0,0639
52,4000	0,0576
52,5000	0,0601
52,6000	0,0792
52,7000	0,0804
52,8000	0,0525
52,9000	0,0665
53,0000	0,0614
53,1000	0,0779
53,2000	0,0499
53,3000	0,0741
53,4000	0,0601
53,5000	0,0639
53,6000	0,0639
53,7000	0,0741
53,8000	0,0677
53,9000	0,0677
54,0000	0,0474
54,1000	0,0792
54,2000	0,0512
54,3000	0,0652
54,4000	0,0766
54,5000	0,0715
54,6000	0,0703
54,7000	0,0842
54,8000	0,0601
54,9000	0,0665
55,0000	0,0703
55,1000	0,0842
55,2000	0,0919
55,3000	0,0665
55,4000	0,0715
55,5000	0,0868
55,6000	0,0804
55,7000	0,0957
55,8000	0,0652
55,9000	0,0855
56,0000	0,0639
56,1000	0,0588
56,2000	0,0842
56,3000	0,0690
56,4000	0,0817
56,5000	0,0690
56,6000	0,0753
56,7000	0,0753
56,8000	0,0715
56,9000	0,0741
57,0000	0,0817
57,1000	0,0868
57,2000	0,0741
57,3000	0,0893
57,4000	0,0893
57,5000	0,0817
57,6000	0,1020
57,7000	0,0703
57,8000	0,0614
57,9000	0,0944
58,0000	0,0728
58,1000	0,1224
58,2000	0,0779
58,3000	0,0766
58,4000	0,1109
58,5000	0,0817
58,6000	0,0881
58,7000	0,0906
58,8000	0,0766
58,9000	0,1109
59,0000	0,0753
59,1000	0,0792
59,2000	0,0893
59,3000	0,0741
59,4000	0,0703
59,5000	0,0842
59,6000	0,0804
59,7000	0,0665
59,8000	0,0893
59,9000	0,0614
60,0000	0,0779
60,1000	0,0881
60,2000	0,0881
60,3000	0,0588
60,4000	0,1008
60,5000	0,0563
60,6000	0,1059
60,7000	0,0703
60,8000	0,0931
60,9000	0,0741
61,0000	0,0626
61,1000	0,0639
61,2000	0,0842
61,3000	0,0804
61,4000	0,0677
61,5000	0,0715
61,6000	0,0728
61,7000	0,0677
61,8000	0,0715
61,9000	0,0944
62,0000	0,0576
62,1000	0,0792
62,2000	0,0728
62,3000	0,0995
62,4000	0,0601
62,5000	0,0995
62,6000	0,0728
62,7000	0,0906
62,8000	0,0804
62,9000	0,0626
63,0000	0,0690
63,1000	0,0817
63,2000	0,0741
63,3000	0,0753
63,4000	0,0690
63,5000	0,0982
63,6000	0,0703
63,7000	0,0537
63,8000	0,0614
63,9000	0,0677
64,0000	0,0639
64,1000	0,0817
64,2000	0,0601
64,3000	0,0588
64,4000	0,0728
64,5000	0,0868
64,6000	0,0563
64,7000	0,0703
64,8000	0,0868
64,9000	0,0626
65,0000	0,0830
65,1000	0,0614
65,2000	0,0703
65,3000	0,0817
65,4000	0,0817
65,5000	0,0804
65,6000	0,0957
65,7000	0,0639
65,8000	0,0588
65,9000	0,0588
66,0000	0,0779
66,1000	0,0665
66,2000	0,0804
66,3000	0,0893
66,4000	0,0830
66,5000	0,0753
66,6000	0,0842
66,7000	0,0665
66,8000	0,0677
66,9000	0,0703
67,0000	0,0830
67,1000	0,0741
67,2000	0,0588
67,3000	0,0804
67,4000	0,0626
67,5000	0,0804
67,6000	0,0703
67,7000	0,0690
67,8000	0,0512
67,9000	0,0779
68,0000	0,0652
68,1000	0,0665
68,2000	0,0563
68,3000	0,0931
68,4000	0,0728
68,5000	0,0766
68,6000	0,0715
68,7000	0,0703
68,8000	0,0677
68,9000	0,0766
69,0000	0,0576
69,1000	0,0830
69,2000	0,0944
69,3000	0,0601
69,4000	0,0665
69,5000	0,0614
69,6000	0,0601
69,7000	0,0677
69,8000	0,0665
69,9000	0,0728
70,0000	0,0715
70,1000	0,0614
70,2000	0,0830
70,3000	0,0703
70,4000	0,0804
70,5000	0,0906
70,6000	0,0868
70,7000	0,0665
70,8000	0,0715
70,9000	0,0665
71,0000	0,0576
71,1000	0,0855
71,2000	0,0626
71,3000	0,0690
71,4000	0,0601
71,5000	0,0893
71,6000	0,0766
71,7000	0,0626
71,8000	0,0919
71,9000	0,0601
72,0000	0,0690
72,1000	0,0588
72,2000	0,0804
72,3000	0,0753
72,4000	0,0753
72,5000	0,0639
72,6000	0,0982
72,7000	0,0817
72,8000	0,0576
72,9000	0,0703
73,0000	0,0550
73,1000	0,0690
73,2000	0,0766
73,3000	0,0728
73,4000	0,0626
73,5000	0,0957
73,6000	0,0779
73,7000	0,0588
73,8000	0,0525
73,9000	0,0652
74,0000	0,0626
74,1000	0,0804
74,2000	0,0537
74,3000	0,0652
74,4000	0,0753
74,5000	0,0690
74,6000	0,0817
74,7000	0,0741
74,8000	0,0665
74,9000	0,0601
75,0000	0,0652
75,1000	0,0792
75,2000	0,0728
75,3000	0,0779
75,4000	0,0614
75,5000	0,0792
75,6000	0,0881
75,7000	0,0563
75,8000	0,0626
75,9000	0,0639
76,0000	0,0601
76,1000	0,0868
76,2000	0,0665
76,3000	0,0626
76,4000	0,0614
76,5000	0,0779
76,6000	0,0703
76,7000	0,0703
76,8000	0,0741
76,9000	0,0665
77,0000	0,0677
77,1000	0,0741
77,2000	0,0703
77,3000	0,0715
77,4000	0,0614
77,5000	0,0893
77,6000	0,0601
77,7000	0,0652
77,8000	0,0487
77,9000	0,0766
78,0000	0,0715
78,1000	0,0639
78,2000	0,0728
78,3000	0,0728
78,4000	0,0792
78,5000	0,0868
78,6000	0,0626
78,7000	0,0817
78,8000	0,0665
78,9000	0,0855
79,0000	0,0779
79,1000	0,0525
79,2000	0,0639
79,3000	0,0639
79,4000	0,0868
79,5000	0,0715
79,6000	0,0868
79,7000	0,0639
79,8000	0,0715
79,9000	0,0715
80,0000	0,0690
80,1000	0,0639
80,2000	0,0652
80,3000	0,0690
80,4000	0,0817
80,5000	0,0626
80,6000	0,0639
80,7000	0,0766
80,8000	0,0970
80,9000	0,0753
81,0000	0,0906
81,1000	0,0677
81,2000	0,0804
81,3000	0,0677
81,4000	0,0779
81,5000	0,0881
81,6000	0,0728
81,7000	0,0703
81,8000	0,0766
81,9000	0,0715
82,0000	0,0957
82,1000	0,0703
82,2000	0,0601
82,3000	0,0919
82,4000	0,0893
82,5000	0,0741
82,6000	0,0893
82,7000	0,0792
82,8000	0,0792
82,9000	0,0931
83,0000	0,0868
83,1000	0,0652
83,2000	0,0499
83,3000	0,0868
83,4000	0,0957
83,5000	0,0665
83,6000	0,0830
83,7000	0,0665
83,8000	0,0715
83,9000	0,0906
84,0000	0,0906
84,1000	0,0779
84,2000	0,0753
84,3000	0,0855
84,4000	0,0652
84,5000	0,0957
84,6000	0,0842
84,7000	0,0601
84,8000	0,0817
84,9000	0,0804
85,0000	0,0817
85,1000	0,0614
85,2000	0,0804
85,3000	0,0766
85,4000	0,0792
85,5000	0,0842
85,6000	0,0779
85,7000	0,0906
85,8000	0,0728
85,9000	0,0728
86,0000	0,0830
86,1000	0,0830
86,2000	0,0550
86,3000	0,0881
86,4000	0,0804
86,5000	0,0690
86,6000	0,0804
86,7000	0,0906
86,8000	0,0804
86,9000	0,0995
87,0000	0,0982
87,1000	0,0715
87,2000	0,0525
87,3000	0,1122
87,4000	0,0753
87,5000	0,0817
87,6000	0,0944
87,7000	0,0665
87,8000	0,0830
87,9000	0,0614
88,0000	0,0893
88,1000	0,0792
88,2000	0,0830
88,3000	0,0957
88,4000	0,0779
88,5000	0,0881
88,6000	0,0779
88,7000	0,0753
88,8000	0,0957
88,9000	0,0665
89,0000	0,0855
89,1000	0,0842
89,2000	0,0817
89,3000	0,0626
89,4000	0,0957
89,5000	0,0855
89,6000	0,0766
89,7000	0,0817
89,8000	0,1046
89,9000	0,0931
90,0000	0,0893
90,1000	0,0868
90,2000	0,0855
90,3000	0,0868
90,4000	0,1186
90,5000	0,0753
90,6000	0,0919
90,7000	0,0957
90,8000	0,1059
90,9000	0,0690
91,0000	0,1033
91,1000	0,1071
91,2000	0,0690
91,3000	0,1020
91,4000	0,1084
91,5000	0,0919
91,6000	0,1198
91,7000	0,0868
91,8000	0,0728
91,9000	0,0944
92,0000	0,0842
92,1000	0,0906
92,2000	0,0576
92,3000	0,0893
92,4000	0,1097
92,5000	0,0919
92,6000	0,0931
92,7000	0,0652
92,8000	0,0703
92,9000	0,1084
93,0000	0,0868
93,1000	0,0766
93,2000	0,1109
93,3000	0,0715
93,4000	0,0881
93,5000	0,1237
93,6000	0,0842
93,7000	0,1135
93,8000	0,0766
93,9000	0,1008
94,0000	0,0779
94,1000	0,1046
94,2000	0,1033
94,3000	0,1046
94,4000	0,0982
94,5000	0,1046
94,6000	0,0982
94,7000	0,1122
94,8000	0,1020
94,9000	0,0753
95,0000	0,1046
95,1000	0,0957
95,2000	0,0982
95,3000	0,1059
95,4000	0,1008
95,5000	0,0881
95,6000	0,0855
95,7000	0,1135
95,8000	0,0995
95,9000	0,0944
96,0000	0,1020
96,1000	0,1122
96,2000	0,1198
96,3000	0,1160
96,4000	0,1033
96,5000	0,1415
96,6000	0,1071
96,7000	0,1071
96,8000	0,0944
96,9000	0,1186
97,0000	0,1249
97,1000	0,1389
97,2000	0,1351
97,3000	0,1211
97,4000	0,1186
97,5000	0,1020
97,6000	0,1033
97,7000	0,0881
97,8000	0,1173
97,9000	0,1160
98,0000	0,1415
98,1000	0,1071
98,2000	0,1186
98,3000	0,1046
98,4000	0,1351
98,5000	0,1237
98,6000	0,0982
98,7000	0,1389
98,8000	0,0893
98,9000	0,1326
99,0000	0,0893
99,1000	0,1173
99,2000	0,1059
99,3000	0,1275
99,4000	0,1275
99,5000	0,1262
99,6000	0,1376
99,7000	0,1224
99,8000	0,1160
99,9000	0,1326
100,0000	0,0830
100,1000	0,1338
100,2000	0,1389
100,3000	0,1160
100,4000	0,0982
100,5000	0,1516
100,6000	0,1351
100,7000	0,1020
100,8000	0,1516
100,9000	0,1071
101,0000	0,1173
101,1000	0,1300
101,2000	0,1287
101,3000	0,1338
101,4000	0,1262
101,5000	0,1211
101,6000	0,1351
101,7000	0,1465
101,8000	0,1326
101,9000	0,1237
102,0000	0,1224
102,1000	0,1173
102,2000	0,0931
102,3000	0,1300
102,4000	0,1427
102,5000	0,1071
102,6000	0,1198
102,7000	0,1402
102,8000	0,1491
102,9000	0,1364
103,0000	0,1148
103,1000	0,1122
103,2000	0,1504
103,3000	0,1008
103,4000	0,1071
103,5000	0,1160
103,6000	0,1262
103,7000	0,1097
103,8000	0,1249
103,9000	0,1211
104,0000	0,1198
104,1000	0,1313
104,2000	0,1135
104,3000	0,1275
104,4000	0,1453
104,5000	0,1084
104,6000	0,1033
104,7000	0,1262
104,8000	0,1059
104,9000	0,1338
105,0000	0,1237
105,1000	0,1364
105,2000	0,0970
105,3000	0,1287
105,4000	0,1186
105,5000	0,1211
105,6000	0,1237
105,7000	0,1262
105,8000	0,1427
105,9000	0,0944
106,0000	0,1326
106,1000	0,1389
106,2000	0,1122
106,3000	0,1669
106,4000	0,1313
106,5000	0,1135
106,6000	0,1249
106,7000	0,1542
106,8000	0,0957
106,9000	0,1122
107,0000	0,1160
107,1000	0,1211
107,2000	0,1198
107,3000	0,1427
107,4000	0,1109
107,5000	0,1351
107,6000	0,1376
107,7000	0,1135
107,8000	0,1071
107,9000	0,1326
108,0000	0,1364
108,1000	0,1313
108,2000	0,1224
108,3000	0,1198
108,4000	0,1631
108,5000	0,1465
108,6000	0,1160
108,7000	0,1186
108,8000	0,1389
108,9000	0,1415
109,0000	0,1364
109,1000	0,1135
109,2000	0,1707
109,3000	0,1198
109,4000	0,1237
109,5000	0,1249
109,6000	0,1249
109,7000	0,1300
109,8000	0,1605
109,9000	0,1542
110,0000	0,0957
110,1000	0,1249
110,2000	0,1160
110,3000	0,1440
110,4000	0,1287
110,5000	0,1465
110,6000	0,1465
110,7000	0,1249
110,8000	0,1275
110,9000	0,1249
111,0000	0,1287
111,1000	0,1618
111,2000	0,1148
111,3000	0,1160
111,4000	0,1453
111,5000	0,1364
111,6000	0,1224
111,7000	0,1046
111,8000	0,1580
111,9000	0,1173
112,0000	0,1567
112,1000	0,1402
112,2000	0,1148
112,3000	0,1148
112,4000	0,1364
112,5000	0,1326
112,6000	0,1097
112,7000	0,1440
112,8000	0,1033
112,9000	0,1529
113,0000	0,1402
113,1000	0,1440
113,2000	0,1135
113,3000	0,1364
113,4000	0,1758
113,5000	0,1160
113,6000	0,1300
113,7000	0,1593
113,8000	0,1198
113,9000	0,1198
114,0000	0,1491
114,1000	0,1211
114,2000	0,1237
114,3000	0,1389
114,4000	0,1376
114,5000	0,1173
114,6000	0,1097
114,7000	0,1389
114,8000	0,1135
114,9000	0,1643
115,0000	0,1186
115,1000	0,1287
115,2000	0,1135
115,3000	0,1237
115,4000	0,1211
115,5000	0,1402
115,6000	0,1415
115,7000	0,1364
115,8000	0,1453
115,9000	0,1491
116,0000	0,1338
116,1000	0,1122
116,2000	0,1402
116,3000	0,1402
116,4000	0,1071
116,5000	0,1109
116,6000	0,1402
116,7000	0,1656
116,8000	0,1071
116,9000	0,1453
117,0000	0,1237
117,1000	0,0982
117,2000	0,1262
117,3000	0,1682
117,4000	0,1351
117,5000	0,1605
117,6000	0,1135
117,7000	0,1542
117,8000	0,1415
117,9000	0,0817
118,0000	0,0982
118,1000	0,1415
118,2000	0,1300
118,3000	0,1440
118,4000	0,1376
118,5000	0,1389
118,6000	0,1249
118,7000	0,1262
118,8000	0,1287
118,9000	0,1427
119,0000	0,1109
119,1000	0,1338
119,2000	0,0970
119,3000	0,1224
119,4000	0,1097
119,5000	0,1160
119,6000	0,1351
119,7000	0,1554
119,8000	0,1402
119,9000	0,1389
120,0000	0,1313
120,1000	0,1694
120,2000	0,1148
120,3000	0,1465
120,4000	0,1465
120,5000	0,1224
120,6000	0,1173
120,7000	0,1351
120,8000	0,1249
120,9000	0,1415
121,0000	0,1173
121,1000	0,1364
121,2000	0,1071
121,3000	0,1491
121,4000	0,1415
121,5000	0,1516
121,6000	0,1491
121,7000	0,1275
121,8000	0,1071
121,9000	0,1033
122,0000	0,1313
122,1000	0,1529
122,2000	0,1135
122,3000	0,1046
122,4000	0,1440
122,5000	0,1326
122,6000	0,1224
122,7000	0,1593
122,8000	0,1326
122,9000	0,1275
123,0000	0,1186
123,1000	0,1376
123,2000	0,1097
123,3000	0,1732
123,4000	0,1148
123,5000	0,1135
123,6000	0,1364
123,7000	0,1211
123,8000	0,1122
123,9000	0,1198
124,0000	0,1364
124,1000	0,1300
124,2000	0,1160
124,3000	0,1516
124,4000	0,1148
124,5000	0,1605
124,6000	0,1211
124,7000	0,1618
124,8000	0,0995
124,9000	0,1287
125,0000	0,1376
125,1000	0,1135
125,2000	0,1440
125,3000	0,0982
125,4000	0,1415
125,5000	0,1504
125,6000	0,1427
125,7000	0,1160
125,8000	0,1364
125,9000	0,1402
126,0000	0,1542
126,1000	0,1847
126,2000	0,1109
126,3000	0,1135
126,4000	0,1160
126,5000	0,1376
126,6000	0,1262
126,7000	0,1516
126,8000	0,1376
126,9000	0,1313
127,0000	0,1033
127,1000	0,1364
127,2000	0,1593
127,3000	0,1008
127,4000	0,1478
127,5000	0,1453
127,6000	0,1224
127,7000	0,1313
127,8000	0,1300
127,9000	0,1453
128,0000	0,1351
128,1000	0,1059
128,2000	0,1593
128,3000	0,1160
128,4000	0,0944
128,5000	0,1173
128,6000	0,1300
128,7000	0,1122
128,8000	0,1046
128,9000	0,1300
129,0000	0,1465
129,1000	0,1211
129,2000	0,1033
129,3000	0,1198
129,4000	0,1249
129,5000	0,1173
129,6000	0,1249
129,7000	0,1249
129,8000	0,1491
129,9000	0,1275
130,0000	0,1084
130,1000	0,1275
130,2000	0,1148
130,3000	0,1669
130,4000	0,1249
130,5000	0,1300
130,6000	0,1618
130,7000	0,1262
130,8000	0,1338
130,9000	0,1186
131,0000	0,1465
131,1000	0,1071
131,2000	0,1033
131,3000	0,1173
131,4000	0,1122
131,5000	0,1300
131,6000	0,0982
131,7000	0,1351
131,8000	0,1351
131,9000	0,1135
132,0000	0,1376
132,1000	0,1707
132,2000	0,1160
132,3000	0,1287
132,4000	0,1097
132,5000	0,1376
132,6000	0,1402
132,7000	0,1313
132,8000	0,1262
132,9000	0,1427
133,0000	0,1567
133,1000	0,1186
133,2000	0,1135
133,3000	0,1504
133,4000	0,1186
133,5000	0,1389
133,6000	0,1109
133,7000	0,1631
133,8000	0,1046
133,9000	0,1376
134,0000	0,1186
134,1000	0,1287
134,2000	0,1605
134,3000	0,1160
134,4000	0,1173
134,5000	0,1173
134,6000	0,1440
134,7000	0,1160
134,8000	0,1287
134,9000	0,1338
135,0000	0,0970
135,1000	0,1415
135,2000	0,1122
135,3000	0,1097
135,4000	0,1351
135,5000	0,1453
135,6000	0,0944
135,7000	0,1338
135,8000	0,1224
135,9000	0,1160
136,0000	0,1059
136,1000	0,1287
136,2000	0,1135
136,3000	0,1440
136,4000	0,0970
136,5000	0,1300
136,6000	0,1376
136,7000	0,1287
136,8000	0,1237
136,9000	0,1173
137,0000	0,1287
137,1000	0,1249
137,2000	0,1440
137,3000	0,1300
137,4000	0,1224
137,5000	0,1682
137,6000	0,1122
137,7000	0,1237
137,8000	0,1122
137,9000	0,1237
138,0000	0,1364
138,1000	0,1084
138,2000	0,1135
138,3000	0,1033
138,4000	0,1326
138,5000	0,1338
138,6000	0,1122
138,7000	0,1427
138,8000	0,1224
138,9000	0,1402
139,0000	0,1338
139,1000	0,1338
139,2000	0,1504
139,3000	0,1516
139,4000	0,1046
139,5000	0,1326
139,6000	0,1300
139,7000	0,1351
139,8000	0,1122
139,9000	0,1287
140,0000	0,1046
140,1000	0,1084
140,2000	0,1135
140,3000	0,1262
140,4000	0,1453
140,5000	0,1529
140,6000	0,1084
140,7000	0,1198
140,8000	0,1351
140,9000	0,1224
141,0000	0,1109
141,1000	0,1033
141,2000	0,1313
141,3000	0,1211
141,4000	0,1275
141,5000	0,0931
141,6000	0,1237
141,7000	0,1249
141,8000	0,1122
141,9000	0,1338
142,0000	0,1224
142,1000	0,1224
142,2000	0,1059
142,3000	0,1415
142,4000	0,1097
142,5000	0,1224
142,6000	0,1224
142,7000	0,1262
142,8000	0,1427
142,9000	0,1300
143,0000	0,1109
143,1000	0,1059
143,2000	0,1287
143,3000	0,1211
143,4000	0,1440
143,5000	0,1504
143,6000	0,1402
143,7000	0,1338
143,8000	0,1262
143,9000	0,1122
144,0000	0,1122
144,1000	0,1186
144,2000	0,1275
144,3000	0,1237
144,4000	0,1148
144,5000	0,1186
144,6000	0,1237
144,7000	0,1389
144,8000	0,1224
144,9000	0,1135
145,0000	0,1109
145,1000	0,1338
145,2000	0,1529
145,3000	0,1046
145,4000	0,1338
145,5000	0,1389
145,6000	0,1071
145,7000	0,0957
145,8000	0,1402
145,9000	0,1160
146,0000	0,1186
146,1000	0,1033
146,2000	0,1198
146,3000	0,1287
146,4000	0,0906
146,5000	0,1109
146,6000	0,1542
146,7000	0,1300
146,8000	0,1224
146,9000	0,1427
147,0000	0,1097
147,1000	0,1160
147,2000	0,1376
147,3000	0,1237
147,4000	0,1186
147,5000	0,1084
147,6000	0,0919
147,7000	0,1211
147,8000	0,1059
147,9000	0,1326
148,0000	0,0982
148,1000	0,1504
148,2000	0,0919
148,3000	0,1364
148,4000	0,1224
148,5000	0,1287
148,6000	0,1148
148,7000	0,1402
148,8000	0,1173
148,9000	0,1198
149,0000	0,1300
149,1000	0,1148
149,2000	0,1351
149,3000	0,1071
149,4000	0,1516
149,5000	0,1287
149,6000	0,1326
149,7000	0,1237
149,8000	0,1262
149,9000	0,1186
150,0000	0,1542
150,1000	0,1020
150,2000	0,1262
150,3000	0,1135
150,4000	0,1351
150,5000	0,1173
150,6000	0,1338
150,7000	0,1084
150,8000	0,1491
150,9000	0,1109
151,0000	0,1364
151,1000	0,1173
151,2000	0,1402
151,3000	0,1237
151,4000	0,1262
151,5000	0,1605
151,6000	0,0868
151,7000	0,1160
151,8000	0,1326
151,9000	0,1287
152,0000	0,1084
152,1000	0,1224
152,2000	0,1542
152,3000	0,1249
152,4000	0,1415
152,5000	0,1033
152,6000	0,1567
152,7000	0,1198
152,8000	0,1300
152,9000	0,1389
153,0000	0,1262
153,1000	0,1694
153,2000	0,1198
153,3000	0,1262
153,4000	0,1465
153,5000	0,1351
153,6000	0,1300
153,7000	0,1504
153,8000	0,1389
153,9000	0,1287
154,0000	0,1211
154,1000	0,1542
154,2000	0,1338
154,3000	0,1504
154,4000	0,1020
154,5000	0,1376
154,6000	0,1224
154,7000	0,1402
154,8000	0,1618
154,9000	0,1198
155,0000	0,1249
155,1000	0,1440
155,2000	0,1504
155,3000	0,1249
155,4000	0,1059
155,5000	0,1491
155,6000	0,1478
155,7000	0,1287
155,8000	0,1389
155,9000	0,1504
156,0000	0,1389
156,1000	0,1440
156,2000	0,1262
156,3000	0,1732
156,4000	0,1605
156,5000	0,1427
156,6000	0,1351
156,7000	0,1326
156,8000	0,1643
156,9000	0,1300
157,0000	0,1402
157,1000	0,1618
157,2000	0,1504
157,3000	0,1415
157,4000	0,1389
157,5000	0,1427
157,6000	0,1478
157,7000	0,1631
157,8000	0,1491
157,9000	0,1529
158,0000	0,1542
158,1000	0,1605
158,2000	0,1415
158,3000	0,1478
158,4000	0,1554
158,5000	0,1554
158,6000	0,1529
158,7000	0,1402
158,8000	0,1275
158,9000	0,1656
159,0000	0,1542
159,1000	0,1478
159,2000	0,1643
159,3000	0,1567
159,4000	0,1529
159,5000	0,1326
159,6000	0,1796
159,7000	0,1567
159,8000	0,1593
159,9000	0,1338
160,0000	0,1275
160,1000	0,1326
160,2000	0,1593
160,3000	0,1376
160,4000	0,1682
160,5000	0,1516
160,6000	0,1287
160,7000	0,1758
160,8000	0,1821
160,9000	0,1542
161,0000	0,1402
161,1000	0,1796
161,2000	0,1923
161,3000	0,1376
161,4000	0,1682
161,5000	0,1529
161,6000	0,1618
161,7000	0,1618
161,8000	0,1872
161,9000	0,1758
162,0000	0,1631
162,1000	0,1885
162,2000	0,1821
162,3000	0,1567
162,4000	0,1745
162,5000	0,1872
162,6000	0,1173
162,7000	0,1923
162,8000	0,1605
162,9000	0,1504
163,0000	0,1669
163,1000	0,1605
163,2000	0,1745
163,3000	0,1809
163,4000	0,1745
163,5000	0,1720
163,6000	0,1402
163,7000	0,1580
163,8000	0,1707
163,9000	0,2025
164,0000	0,1974
164,1000	0,1593
164,2000	0,1605
164,3000	0,1326
164,4000	0,2025
164,5000	0,1287
164,6000	0,1669
164,7000	0,1656
164,8000	0,1796
164,9000	0,1771
165,0000	0,1885
165,1000	0,1516
165,2000	0,1618
165,3000	0,2076
165,4000	0,1885
165,5000	0,1618
165,6000	0,1834
165,7000	0,1949
165,8000	0,1961
165,9000	0,1745
166,0000	0,1605
166,1000	0,1821
166,2000	0,1885
166,3000	0,1809
166,4000	0,1758
166,5000	0,1758
166,6000	0,1745
166,7000	0,1605
166,8000	0,2088
166,9000	0,1732
167,0000	0,1720
167,1000	0,1860
167,2000	0,1999
167,3000	0,2012
167,4000	0,2114
167,5000	0,1809
167,6000	0,1961
167,7000	0,1834
167,8000	0,2114
167,9000	0,1732
168,0000	0,1656
168,1000	0,2406
168,2000	0,2216
168,3000	0,1860
168,4000	0,1860
168,5000	0,1999
168,6000	0,1834
168,7000	0,2419
168,8000	0,2177
168,9000	0,1821
169,0000	0,2279
169,1000	0,1987
169,2000	0,2190
169,3000	0,2216
169,4000	0,2127
169,5000	0,2127
169,6000	0,1923
169,7000	0,2063
169,8000	0,2101
169,9000	0,1860
170,0000	0,2152
170,1000	0,2266
170,2000	0,2305
170,3000	0,2190
170,4000	0,2050
170,5000	0,2127
170,6000	0,1656
170,7000	0,1656
170,8000	0,2076
170,9000	0,2177
171,0000	0,2241
171,1000	0,1898
171,2000	0,2025
171,3000	0,2127
171,4000	0,2254
171,5000	0,2241
171,6000	0,1923
171,7000	0,1834
171,8000	0,2495
171,9000	0,2330
172,0000	0,2330
172,1000	0,1898
172,2000	0,2266
172,3000	0,2228
172,4000	0,2165
172,5000	0,2266
172,6000	0,2711
172,7000	0,2394
172,8000	0,1809
172,9000	0,1961
173,0000	0,2203
173,1000	0,2559
173,2000	0,2127
173,3000	0,2279
173,4000	0,2101
173,5000	0,1974
173,6000	0,2114
173,7000	0,2228
173,8000	0,2470
173,9000	0,2190
174,0000	0,2635
174,1000	0,2190
174,2000	0,2394
174,3000	0,2419
174,4000	0,2139
174,5000	0,2203
174,6000	0,2228
174,7000	0,2889
174,8000	0,2343
174,9000	0,2101
175,0000	0,2432
175,1000	0,2406
175,2000	0,2038
175,3000	0,1567
175,4000	0,2686
175,5000	0,2177
175,6000	0,2610
175,7000	0,2508
175,8000	0,2432
175,9000	0,2521
176,0000	0,2076
176,1000	0,2597
176,2000	0,2508
176,3000	0,2177
176,4000	0,2127
176,5000	0,2343
176,6000	0,2038
176,7000	0,2241
176,8000	0,1923
176,9000	0,2444
177,0000	0,1834
177,1000	0,2203
177,2000	0,2368
177,3000	0,1872
177,4000	0,2699
177,5000	0,2228
177,6000	0,2355
177,7000	0,2266
177,8000	0,2635
177,9000	0,2076
178,0000	0,2521
178,1000	0,2381
178,2000	0,2750
178,3000	0,1783
178,4000	0,2584
178,5000	0,2444
178,6000	0,2012
178,7000	0,2928
178,8000	0,2559
178,9000	0,2025
179,0000	0,2228
179,1000	0,2711
179,2000	0,2330
179,3000	0,2559
179,4000	0,2508
179,5000	0,2495
179,6000	0,2584
179,7000	0,2419
179,8000	0,2457
179,9000	0,2622
180,0000	0,2292
180,1000	0,2444
180,2000	0,2572
180,3000	0,2381
180,4000	0,2432
180,5000	0,2572
180,6000	0,2355
180,7000	0,2546
180,8000	0,2305
180,9000	0,2750
181,0000	0,2648
181,1000	0,2317
181,2000	0,2546
181,3000	0,2546
181,4000	0,2177
181,5000	0,2368
181,6000	0,2495
181,7000	0,2101
181,8000	0,2305
181,9000	0,2330
182,0000	0,2546
182,1000	0,2152
182,2000	0,2686
182,3000	0,2025
182,4000	0,1999
182,5000	0,2559
182,6000	0,2152
182,7000	0,2661
182,8000	0,2139
182,9000	0,2622
183,0000	0,2266
183,1000	0,2699
183,2000	0,2330
183,3000	0,2216
183,4000	0,2177
183,5000	0,2152
183,6000	0,2648
183,7000	0,2330
183,8000	0,2432
183,9000	0,2470
184,0000	0,2546
184,1000	0,2457
184,2000	0,2457
184,3000	0,2572
184,4000	0,2750
184,5000	0,1936
184,6000	0,2572
184,7000	0,2241
184,8000	0,2546
184,9000	0,2724
185,0000	0,2711
185,1000	0,2597
185,2000	0,2686
185,3000	0,2394
185,4000	0,2508
185,5000	0,2750
185,6000	0,2406
185,7000	0,2228
185,8000	0,2330
185,9000	0,2521
186,0000	0,2483
186,1000	0,2470
186,2000	0,2711
186,3000	0,2533
186,4000	0,2673
186,5000	0,2470
186,6000	0,2673
186,7000	0,2394
186,8000	0,2635
186,9000	0,2673
187,0000	0,2444
187,1000	0,2724
187,2000	0,2330
187,3000	0,1694
187,4000	0,2661
187,5000	0,2317
187,6000	0,2851
187,7000	0,2317
187,8000	0,2444
187,9000	0,2508
188,0000	0,2572
188,1000	0,2432
188,2000	0,2648
188,3000	0,1910
188,4000	0,2813
188,5000	0,2165
188,6000	0,2711
188,7000	0,2177
188,8000	0,2724
188,9000	0,2254
189,0000	0,2699
189,1000	0,2063
189,2000	0,2521
189,3000	0,1898
189,4000	0,2254
189,5000	0,2648
189,6000	0,2305
189,7000	0,2902
189,8000	0,2317
189,9000	0,2915
190,0000	0,2279
190,1000	0,2521
190,2000	0,2190
190,3000	0,2673
190,4000	0,2432
190,5000	0,3220
190,6000	0,2508
190,7000	0,2292
190,8000	0,2572
190,9000	0,2470
191,0000	0,2495
191,1000	0,2279
191,2000	0,2775
191,3000	0,2292
191,4000	0,2292
191,5000	0,2139
191,6000	0,2470
191,7000	0,1961
191,8000	0,2661
191,9000	0,2139
192,0000	0,2343
192,1000	0,2661
192,2000	0,2775
192,3000	0,2228
192,4000	0,2381
192,5000	0,2063
192,6000	0,2432
192,7000	0,2406
192,8000	0,2444
192,9000	0,2470
193,0000	0,2521
193,1000	0,2317
193,2000	0,2406
193,3000	0,2851
193,4000	0,2813
193,5000	0,2394
193,6000	0,2330
193,7000	0,2470
193,8000	0,2266
193,9000	0,2648
194,0000	0,2419
194,1000	0,2419
194,2000	0,2457
194,3000	0,2305
194,4000	0,2508
194,5000	0,2686
194,6000	0,2292
194,7000	0,2139
194,8000	0,2139
194,9000	0,2724
195,0000	0,2114
195,1000	0,2330
195,2000	0,2317
195,3000	0,2737
195,4000	0,1860
195,5000	0,2546
195,6000	0,2317
195,7000	0,2241
195,8000	0,2012
195,9000	0,2622
196,0000	0,2228
196,1000	0,1758
196,2000	0,2279
196,3000	0,2394
196,4000	0,2292
196,5000	0,2254
196,6000	0,2661
196,7000	0,2495
196,8000	0,2254
196,9000	0,2432
197,0000	0,2533
197,1000	0,2305
197,2000	0,2266
197,3000	0,2457
197,4000	0,2432
197,5000	0,2152
197,6000	0,2546
197,7000	0,2800
197,8000	0,2419
197,9000	0,2266
198,0000	0,2406
198,1000	0,2305
198,2000	0,2088
198,3000	0,2483
198,4000	0,2521
198,5000	0,2928
198,6000	0,1910
198,7000	0,2101
198,8000	0,2750
198,9000	0,2368
199,0000	0,2432
199,1000	0,2419
199,2000	0,2292
199,3000	0,2152
199,4000	0,2737
199,5000	0,2254
199,6000	0,2699
199,7000	0,2228
199,8000	0,1974
199,9000	0,2088
200,0000	0,2533
200,1000	0,2673
200,2000	0,2394
200,3000	0,2127
200,4000	0,2406
200,5000	0,2216
200,6000	0,2012
200,7000	0,2343
200,8000	0,2241
200,9000	0,2368
201,0000	0,2521
201,1000	0,2533
201,2000	0,1745
201,3000	0,2063
201,4000	0,2470
201,5000	0,2254
201,6000	0,2076
201,7000	0,2305
201,8000	0,2317
201,9000	0,2394
202,0000	0,2406
202,1000	0,2381
202,2000	0,2394
202,3000	0,2165
202,4000	0,2355
202,5000	0,2139
202,6000	0,2177
202,7000	0,2038
202,8000	0,2228
202,9000	0,2076
203,0000	0,2699
203,1000	0,2292
203,2000	0,2686
203,3000	0,2190
203,4000	0,2368
203,5000	0,2241
203,6000	0,2241
203,7000	0,2317
203,8000	0,2127
203,9000	0,2546
204,0000	0,1999
204,1000	0,1910
204,2000	0,2177
204,3000	0,2483
204,4000	0,1554
204,5000	0,2762
204,6000	0,2279
204,7000	0,1999
204,8000	0,1834
204,9000	0,2305
205,0000	0,2254
205,1000	0,2266
205,2000	0,2317
205,3000	0,1834
205,4000	0,2101
205,5000	0,2101
205,6000	0,2533
205,7000	0,2292
205,8000	0,2305
205,9000	0,2266
206,0000	0,2038
206,1000	0,2025
206,2000	0,2088
206,3000	0,2165
206,4000	0,2559
206,5000	0,1936
206,6000	0,2343
206,7000	0,2572
206,8000	0,2101
206,9000	0,2266
207,0000	0,2661
207,1000	0,2114
207,2000	0,2483
207,3000	0,2241
207,4000	0,2127
207,5000	0,2241
207,6000	0,2127
207,7000	0,1974
207,8000	0,2254
207,9000	0,2190
208,0000	0,2088
208,1000	0,1961
208,2000	0,2139
208,3000	0,2292
208,4000	0,2063
208,5000	0,1872
208,6000	0,1923
208,7000	0,1694
208,8000	0,2152
208,9000	0,2165
209,0000	0,1771
209,1000	0,2152
209,2000	0,2470
209,3000	0,1796
209,4000	0,2241
209,5000	0,2432
209,6000	0,1732
209,7000	0,2216
209,8000	0,2305
209,9000	0,1771
210,0000	0,2266
210,1000	0,2190
210,2000	0,2508
210,3000	0,1885
210,4000	0,2127
210,5000	0,2101
210,6000	0,2216
210,7000	0,1987
210,8000	0,2101
210,9000	0,2279
211,0000	0,2076
211,1000	0,2419
211,2000	0,2050
211,3000	0,2292
211,4000	0,2152
211,5000	0,2279
211,6000	0,2317
211,7000	0,1949
211,8000	0,2127
211,9000	0,2228
212,0000	0,2012
212,1000	0,2139
212,2000	0,2038
212,3000	0,2050
212,4000	0,2203
212,5000	0,2292
212,6000	0,2241
212,7000	0,2330
212,8000	0,2127
212,9000	0,1758
213,0000	0,2190
213,1000	0,1732
213,2000	0,1758
213,3000	0,2216
213,4000	0,2127
213,5000	0,2012
213,6000	0,2088
213,7000	0,2152
213,8000	0,1707
213,9000	0,2165
214,0000	0,2203
214,1000	0,2088
214,2000	0,2241
214,3000	0,1974
214,4000	0,1872
214,5000	0,2050
214,6000	0,2152
214,7000	0,2088
214,8000	0,1847
214,9000	0,2584
215,0000	0,1771
215,1000	0,1923
215,2000	0,1643
215,3000	0,2546
215,4000	0,2088
215,5000	0,1949
215,6000	0,2088
215,7000	0,2127
215,8000	0,1720
215,9000	0,1974
216,0000	0,2241
216,1000	0,1720
216,2000	0,1910
216,3000	0,1974
216,4000	0,1936
216,5000	0,2355
216,6000	0,2343
216,7000	0,1593
216,8000	0,1745
216,9000	0,1860
217,0000	0,2152
217,1000	0,2012
217,2000	0,1898
217,3000	0,2241
217,4000	0,1682
217,5000	0,1999
217,6000	0,2101
217,7000	0,1504
217,8000	0,2292
217,9000	0,2076
218,0000	0,2572
218,1000	0,1542
218,2000	0,2139
218,3000	0,2088
218,4000	0,1872
218,5000	0,1936
218,6000	0,1631
218,7000	0,2152
218,8000	0,2343
218,9000	0,1783
219,0000	0,2038
219,1000	0,2152
219,2000	0,1987
219,3000	0,2076
219,4000	0,1516
219,5000	0,2050
219,6000	0,2305
219,7000	0,1656
219,8000	0,1885
219,9000	0,1872
220,0000	0,2114
220,1000	0,1847
220,2000	0,1885
220,3000	0,1987
220,4000	0,1745
220,5000	0,2076
220,6000	0,1809
220,7000	0,1936
220,8000	0,2088
220,9000	0,2076
221,0000	0,1898
221,1000	0,1669
221,2000	0,1732
221,3000	0,2038
221,4000	0,2368
221,5000	0,2228
221,6000	0,1389
221,7000	0,2254
221,8000	0,1809
221,9000	0,1605
222,0000	0,1898
222,1000	0,1987
222,2000	0,2254
222,3000	0,1860
222,4000	0,1745
222,5000	0,1923
222,6000	0,1783
222,7000	0,1694
222,8000	0,1783
222,9000	0,2012
223,0000	0,2165
223,1000	0,1885
223,2000	0,2165
223,3000	0,2076
223,4000	0,1872
223,5000	0,1694
223,6000	0,1898
223,7000	0,1885
223,8000	0,1669
223,9000	0,2114
224,0000	0,1669
224,1000	0,1860
224,2000	0,2203
224,3000	0,1961
224,4000	0,1885
224,5000	0,1910
224,6000	0,1834
224,7000	0,1910
224,8000	0,2076
224,9000	0,1504
225,0000	0,2025
225,1000	0,2101
225,2000	0,1758
225,3000	0,1923
225,4000	0,2203
225,5000	0,2216
225,6000	0,1949
225,7000	0,1821
225,8000	0,1771
225,9000	0,1732
226,0000	0,1936
226,1000	0,1872
226,2000	0,1453
226,3000	0,1796
226,4000	0,2114
226,5000	0,2025
226,6000	0,1949
226,7000	0,1707
226,8000	0,1554
226,9000	0,2432
227,0000	0,1758
227,1000	0,1643
227,2000	0,1872
227,3000	0,1999
227,4000	0,1745
227,5000	0,2216
227,6000	0,2127
227,7000	0,2508
227,8000	0,1554
227,9000	0,2025
228,0000	0,1771
228,1000	0,1732
228,2000	0,1821
228,3000	0,1834
228,4000	0,2050
228,5000	0,1872
228,6000	0,2165
228,7000	0,1707
228,8000	0,1834
228,9000	0,2228
229,0000	0,1809
229,1000	0,1529
229,2000	0,2063
229,3000	0,2241
229,4000	0,1440
229,5000	0,1732
229,6000	0,1771
229,7000	0,1910
229,8000	0,2292
229,9000	0,1669
230,0000	0,1987
230,1000	0,1974
230,2000	0,1529
230,3000	0,1872
230,4000	0,2317
230,5000	0,2063
230,6000	0,1682
230,7000	0,1860
230,8000	0,1898
230,9000	0,1910
231,0000	0,1605
231,1000	0,2152
231,2000	0,1338
231,3000	0,2177
231,4000	0,1707
231,5000	0,1758
231,6000	0,2050
231,7000	0,1491
231,8000	0,2050
231,9000	0,1732
232,0000	0,2088
232,1000	0,1745
232,2000	0,1758
232,3000	0,1834
232,4000	0,1694
232,5000	0,1682
232,6000	0,2012
232,7000	0,2038
232,8000	0,1771
232,9000	0,1669
233,0000	0,1910
233,1000	0,1402
233,2000	0,1516
233,3000	0,1580
233,4000	0,1987
233,5000	0,1758
233,6000	0,1567
233,7000	0,1745
233,8000	0,1745
233,9000	0,1860
234,0000	0,1771
234,1000	0,1504
234,2000	0,1732
234,3000	0,1885
234,4000	0,1237
234,5000	0,1542
234,6000	0,1936
234,7000	0,1682
234,8000	0,1491
234,9000	0,1821
235,0000	0,1910
235,1000	0,1631
235,2000	0,1618
235,3000	0,1491
235,4000	0,1758
235,5000	0,1656
235,6000	0,1771
235,7000	0,1682
235,8000	0,1605
235,9000	0,1415
236,0000	0,1669
236,1000	0,1656
236,2000	0,1491
236,3000	0,1427
236,4000	0,1707
236,5000	0,1338
236,6000	0,1618
236,7000	0,1504
236,8000	0,1605
236,9000	0,1554
237,0000	0,1605
237,1000	0,1618
237,2000	0,1389
237,3000	0,1593
237,4000	0,1453
237,5000	0,1542
237,6000	0,1351
237,7000	0,1504
237,8000	0,1402
237,9000	0,1478
238,0000	0,1618
238,1000	0,1364
238,2000	0,1109
238,3000	0,1707
238,4000	0,1097
238,5000	0,1732
238,6000	0,1529
238,7000	0,1491
238,8000	0,1135
238,9000	0,1529
239,0000	0,1580
239,1000	0,1529
239,2000	0,1415
239,3000	0,1669
239,4000	0,1300
239,5000	0,1237
239,6000	0,1554
239,7000	0,1376
239,8000	0,1338
239,9000	0,1402
240,0000	0,1415
240,1000	0,1148
240,2000	0,1707
240,3000	0,1402
240,4000	0,1275
240,5000	0,1249
240,6000	0,1516
240,7000	0,1427
240,8000	0,1415
240,9000	0,1389
241,0000	0,1389
241,1000	0,1198
241,2000	0,1453
241,3000	0,1389
241,4000	0,1542
241,5000	0,1402
241,6000	0,1364
241,7000	0,1249
241,8000	0,1631
241,9000	0,1376
242,0000	0,1491
242,1000	0,1249
242,2000	0,1237
242,3000	0,1135
242,4000	0,1046
242,5000	0,1631
242,6000	0,1453
242,7000	0,1465
242,8000	0,1313
242,9000	0,1186
243,0000	0,1478
243,1000	0,1313
243,2000	0,1237
243,3000	0,1415
243,4000	0,1275
243,5000	0,1415
243,6000	0,0868
243,7000	0,1249
243,8000	0,1338
243,9000	0,1122
244,0000	0,1097
244,1000	0,1020
244,2000	0,1071
244,3000	0,1300
244,4000	0,1122
244,5000	0,1262
244,6000	0,0944
244,7000	0,1275
244,8000	0,1122
244,9000	0,1135
245,0000	0,1084
245,1000	0,1122
245,2000	0,1122
245,3000	0,1084
245,4000	0,1389
245,5000	0,1109
245,6000	0,1046
245,7000	0,1504
245,8000	0,1237
245,9000	0,1109
246,0000	0,1275
246,1000	0,1148
246,2000	0,1059
246,3000	0,1033
246,4000	0,1643
246,5000	0,1148
246,6000	0,1109
246,7000	0,1173
246,8000	0,1542
246,9000	0,1033
247,0000	0,1326
247,1000	0,1338
247,2000	0,1148
247,3000	0,1173
247,4000	0,1249
247,5000	0,1033
247,6000	0,1287
247,7000	0,1097
247,8000	0,1186
247,9000	0,1148
248,0000	0,1287
248,1000	0,1046
248,2000	0,1313
248,3000	0,0931
248,4000	0,0906
248,5000	0,1160
248,6000	0,1300
248,7000	0,1020
248,8000	0,1020
248,9000	0,0881
249,0000	0,0842
249,1000	0,1186
249,2000	0,0906
249,3000	0,1122
249,4000	0,1097
249,5000	0,1249
249,6000	0,1135
249,7000	0,1109
249,8000	0,1173
249,9000	0,0906
250,0000	0,1033
250,1000	0,1186
250,2000	0,0855
250,3000	0,1135
250,4000	0,1020
250,5000	0,0982
250,6000	0,0931
250,7000	0,1186
250,8000	0,0970
250,9000	0,0779
251,0000	0,1491
251,1000	0,1033
251,2000	0,1224
251,3000	0,0906
251,4000	0,1084
251,5000	0,1300
251,6000	0,1109
251,7000	0,0944
251,8000	0,1109
251,9000	0,0893
252,0000	0,1224
252,1000	0,1097
252,2000	0,1148
252,3000	0,1173
252,4000	0,0893
252,5000	0,1186
252,6000	0,0995
252,7000	0,0957
252,8000	0,1148
252,9000	0,1148
253,0000	0,1160
253,1000	0,0817
253,2000	0,1211
253,3000	0,0995
253,4000	0,0893
253,5000	0,1046
253,6000	0,0830
253,7000	0,1122
253,8000	0,1033
253,9000	0,0855
254,0000	0,1402
254,1000	0,0906
254,2000	0,1020
254,3000	0,1148
254,4000	0,1020
254,5000	0,1135
254,6000	0,0970
254,7000	0,1071
254,8000	0,0919
254,9000	0,0779
255,0000	0,0906
255,1000	0,1046
255,2000	0,0970
255,3000	0,0970
255,4000	0,1059
255,5000	0,0741
255,6000	0,0842
255,7000	0,0931
255,8000	0,1326
255,9000	0,0766
256,0000	0,1033
256,1000	0,0779
256,2000	0,0868
256,3000	0,1008
256,4000	0,0830
256,5000	0,0881
256,6000	0,0944
256,7000	0,1122
256,8000	0,0982
256,9000	0,1059
257,0000	0,0944
257,1000	0,1237
257,2000	0,0817
257,3000	0,1059
257,4000	0,1135
257,5000	0,0690
257,6000	0,0766
257,7000	0,1135
257,8000	0,1008
257,9000	0,0957
258,0000	0,0703
258,1000	0,0957
258,2000	0,0970
258,3000	0,0830
258,4000	0,0970
258,5000	0,0995
258,6000	0,0982
258,7000	0,0970
258,8000	0,0741
258,9000	0,0893
259,0000	0,1020
259,1000	0,0881
259,2000	0,0792
259,3000	0,0893
259,4000	0,0982
259,5000	0,1033
259,6000	0,0792
259,7000	0,1046
259,8000	0,0804
259,9000	0,1109
260,0000	0,1135
260,1000	0,0919
260,2000	0,0766
260,3000	0,1300
260,4000	0,0652
260,5000	0,0842
260,6000	0,0817
260,7000	0,0919
260,8000	0,0830
260,9000	0,0830
261,0000	0,0931
261,1000	0,0982
261,2000	0,0995
261,3000	0,0970
261,4000	0,0906
261,5000	0,1059
261,6000	0,0741
261,7000	0,0639
261,8000	0,0919
261,9000	0,1084
262,0000	0,1059
262,1000	0,0906
262,2000	0,0944
262,3000	0,0741
262,4000	0,1033
262,5000	0,0970
262,6000	0,1148
262,7000	0,1033
262,8000	0,0715
262,9000	0,0804
263,0000	0,0944
263,1000	0,0855
263,2000	0,1008
263,3000	0,1046
263,4000	0,0792
263,5000	0,0588
263,6000	0,0970
263,7000	0,1097
263,8000	0,0753
263,9000	0,0639
264,0000	0,1020
264,1000	0,0893
264,2000	0,0995
264,3000	0,0817
264,4000	0,0766
264,5000	0,1173
264,6000	0,0779
264,7000	0,0957
264,8000	0,0982
264,9000	0,0855
265,0000	0,0703
265,1000	0,1071
265,2000	0,0842
265,3000	0,0728
265,4000	0,0982
265,5000	0,1046
265,6000	0,0779
265,7000	0,1020
265,8000	0,0728
265,9000	0,0982
266,0000	0,0817
266,1000	0,1033
266,2000	0,0982
266,3000	0,0982
266,4000	0,0830
266,5000	0,0677
266,6000	0,0906
266,7000	0,0855
266,8000	0,0703
266,9000	0,0830
267,0000	0,1008
267,1000	0,0906
267,2000	0,1071
267,3000	0,1008
267,4000	0,0830
267,5000	0,1084
267,6000	0,0766
267,7000	0,1084
267,8000	0,0931
267,9000	0,0728
268,0000	0,1033
268,1000	0,0766
268,2000	0,0881
268,3000	0,0690
268,4000	0,0944
268,5000	0,0842
268,6000	0,0906
268,7000	0,0970
268,8000	0,0652
268,9000	0,0957
269,0000	0,1084
269,1000	0,0893
269,2000	0,0842
269,3000	0,0931
269,4000	0,1046
269,5000	0,0868
269,6000	0,0690
269,7000	0,0881
269,8000	0,0855
269,9000	0,0728
270,0000	0,1033
270,1000	0,0792
270,2000	0,1097
270,3000	0,0779
270,4000	0,0741
270,5000	0,0601
270,6000	0,0881
270,7000	0,0753
270,8000	0,0830
270,9000	0,0931
271,0000	0,0576
271,1000	0,0957
271,2000	0,0703
271,3000	0,0855
271,4000	0,0715
271,5000	0,0804
271,6000	0,0830
271,7000	0,1211
271,8000	0,0792
271,9000	0,0868
272,0000	0,0931
272,1000	0,0842
272,2000	0,0753
272,3000	0,0944
272,4000	0,0919
272,5000	0,0944
272,6000	0,0652
272,7000	0,0868
272,8000	0,0779
272,9000	0,0881
273,0000	0,0703
273,1000	0,0677
273,2000	0,1059
273,3000	0,0741
273,4000	0,0881
273,5000	0,0652
273,6000	0,1122
273,7000	0,0576
273,8000	0,1033
273,9000	0,0931
274,0000	0,0766
274,1000	0,0893
274,2000	0,0766
274,3000	0,0855
274,4000	0,0804
274,5000	0,1224
274,6000	0,0995
274,7000	0,0652
274,8000	0,0804
274,9000	0,0779
275,0000	0,0919
275,1000	0,0753
275,2000	0,0639
275,3000	0,0931
275,4000	0,0639
275,5000	0,0919
275,6000	0,0753
275,7000	0,0830
275,8000	0,0703
275,9000	0,0855
276,0000	0,0792
276,1000	0,0893
276,2000	0,0665
276,3000	0,0944
276,4000	0,0944
276,5000	0,1084
276,6000	0,0753
276,7000	0,0906
276,8000	0,0639
276,9000	0,0652
277,0000	0,0830
277,1000	0,0957
277,2000	0,0703
277,3000	0,0703
277,4000	0,0804
277,5000	0,0868
277,6000	0,0728
277,7000	0,0639
277,8000	0,1186
277,9000	0,0881
278,0000	0,0741
278,1000	0,0957
278,2000	0,0652
278,3000	0,0944
278,4000	0,0690
278,5000	0,0931
278,6000	0,0690
278,7000	0,0830
278,8000	0,0779
278,9000	0,0893
279,0000	0,0779
279,1000	0,0855
279,2000	0,0601
279,3000	0,0677
279,4000	0,0842
279,5000	0,0919
279,6000	0,0626
279,7000	0,0931
279,8000	0,0792
279,9000	0,0550
280,0000	0,0741
280,1000	0,0779
280,2000	0,0817
280,3000	0,0944
280,4000	0,0728
280,5000	0,0690
280,6000	0,0614
280,7000	0,0715
280,8000	0,0982
280,9000	0,0741
281,0000	0,0906
281,1000	0,1033
281,2000	0,0868
281,3000	0,1059
281,4000	0,0881
281,5000	0,0677
281,6000	0,0766
281,7000	0,0677
281,8000	0,0906
281,9000	0,0868
282,0000	0,0868
282,1000	0,0601
282,2000	0,0753
282,3000	0,0817
282,4000	0,0792
282,5000	0,0779
282,6000	0,0842
282,7000	0,1160
282,8000	0,0830
282,9000	0,0893
283,0000	0,0779
283,1000	0,0792
283,2000	0,0868
283,3000	0,0766
283,4000	0,0588
283,5000	0,0690
283,6000	0,0817
283,7000	0,0817
283,8000	0,0779
283,9000	0,1186
284,0000	0,0588
284,1000	0,0665
284,2000	0,0881
284,3000	0,0842
284,4000	0,0741
284,5000	0,0893
284,6000	0,0512
284,7000	0,0855
284,8000	0,0741
284,9000	0,0830
285,0000	0,0614
285,1000	0,0804
285,2000	0,0931
285,3000	0,0779
285,4000	0,0703
285,5000	0,0842
285,6000	0,0893
285,7000	0,1148
285,8000	0,0753
285,9000	0,0830
286,0000	0,0779
286,1000	0,0741
286,2000	0,0868
286,3000	0,0677
286,4000	0,1097
286,5000	0,0753
286,6000	0,0753
286,7000	0,0855
286,8000	0,0690
286,9000	0,0893
287,0000	0,0728
287,1000	0,0753
287,2000	0,0639
287,3000	0,0830
287,4000	0,0779
287,5000	0,0893
287,6000	0,0550
287,7000	0,0970
287,8000	0,0537
287,9000	0,0601
288,0000	0,0957
288,1000	0,0830
288,2000	0,0614
288,3000	0,0550
288,4000	0,0830
288,5000	0,0753
288,6000	0,0982
288,7000	0,0792
288,8000	0,0842
288,9000	0,0893
289,0000	0,0690
289,1000	0,0601
289,2000	0,0766
289,3000	0,0842
289,4000	0,0868
289,5000	0,0576
289,6000	0,0842
289,7000	0,0804
289,8000	0,0766
289,9000	0,0753
290,0000	0,0677
290,1000	0,0690
290,2000	0,0639
290,3000	0,0906
290,4000	0,0804
290,5000	0,0728
290,6000	0,0626
290,7000	0,0855
290,8000	0,0652
290,9000	0,0423
291,0000	0,0779
291,1000	0,0741
291,2000	0,0690
291,3000	0,0881
291,4000	0,0766
291,5000	0,0931
291,6000	0,0868
291,7000	0,0931
291,8000	0,0779
291,9000	0,0931
292,0000	0,0919
292,1000	0,0563
292,2000	0,0868
292,3000	0,0792
292,4000	0,0741
292,5000	0,0728
292,6000	0,0652
292,7000	0,0868
292,8000	0,0779
292,9000	0,0753
293,0000	0,0665
293,1000	0,1020
293,2000	0,0919
293,3000	0,0703
293,4000	0,0639
293,5000	0,0677
293,6000	0,0893
293,7000	0,0690
293,8000	0,0881
293,9000	0,0792
294,0000	0,0893
294,1000	0,0842
294,2000	0,0817
294,3000	0,0830
294,4000	0,0753
294,5000	0,0919
294,6000	0,0537
294,7000	0,0715
294,8000	0,0779
294,9000	0,0868
295,0000	0,0690
295,1000	0,0792
295,2000	0,0766
295,3000	0,0690
295,4000	0,0741
295,5000	0,0639
295,6000	0,0563
295,7000	0,0766
295,8000	0,0779
295,9000	0,1046
296,0000	0,0626
296,1000	0,0804
296,2000	0,0715
296,3000	0,0626
296,4000	0,0677
296,5000	0,0919
296,6000	0,0830
296,7000	0,0588
296,8000	0,0690
296,9000	0,0741
297,0000	0,0881
297,1000	0,0753
297,2000	0,0855
297,3000	0,0741
297,4000	0,0614
297,5000	0,0779
297,6000	0,0728
297,7000	0,0919
297,8000	0,0715
297,9000	0,0665
298,0000	0,0881
298,1000	0,0779
298,2000	0,0817
298,3000	0,0677
298,4000	0,0652
298,5000	0,0652
298,6000	0,0855
298,7000	0,0741
298,8000	0,0817
298,9000	0,0690
299,0000	0,0652
299,1000	0,0944
299,2000	0,0576
299,3000	0,0817
299,4000	0,0804
299,5000	0,0753
299,6000	0,0665
299,7000	0,0804
299,8000	0,0753
299,9000	0,1059
300,0000	0,0842
300,1000	0,0652
300,2000	0,0677
300,3000	0,0817
300,4000	0,0550
300,5000	0,0792
300,6000	0,0550
300,7000	0,0893
300,8000	0,0652
300,9000	0,0741
301,0000	0,0779
301,1000	0,0588
301,2000	0,1122
301,3000	0,0906
301,4000	0,0626
301,5000	0,0830
301,6000	0,0677
301,7000	0,0982
301,8000	0,0753
301,9000	0,0601
302,0000	0,0779
302,1000	0,0652
302,2000	0,0766
302,3000	0,0855
302,4000	0,0804
302,5000	0,0753
302,6000	0,0779
302,7000	0,0779
302,8000	0,0779
302,9000	0,0665
303,0000	0,0715
303,1000	0,0753
303,2000	0,0855
303,3000	0,0779
303,4000	0,0817
303,5000	0,0792
303,6000	0,0830
303,7000	0,0499
303,8000	0,0792
303,9000	0,0766
304,0000	0,0639
304,1000	0,0588
304,2000	0,0792
304,3000	0,0906
304,4000	0,0639
304,5000	0,0931
304,6000	0,0715
304,7000	0,1008
304,8000	0,0855
304,9000	0,0830
305,0000	0,0766
305,1000	0,0487
305,2000	0,0690
305,3000	0,0779
305,4000	0,0665
305,5000	0,0715
305,6000	0,0639
305,7000	0,0741
305,8000	0,0830
305,9000	0,0448
306,0000	0,0715
306,1000	0,0792
306,2000	0,0614
306,3000	0,0703
306,4000	0,0715
306,5000	0,0690
306,6000	0,0576
306,7000	0,0779
306,8000	0,0779
306,9000	0,0817
307,0000	0,0639
307,1000	0,0817
307,2000	0,0614
307,3000	0,0893
307,4000	0,0614
307,5000	0,0868
307,6000	0,0881
307,7000	0,0614
307,8000	0,0703
307,9000	0,0715
308,0000	0,0703
308,1000	0,0652
308,2000	0,0715
308,3000	0,0779
308,4000	0,0931
308,5000	0,0614
308,6000	0,0741
308,7000	0,0792
308,8000	0,0563
308,9000	0,0741
309,0000	0,0881
309,1000	0,0728
309,2000	0,0753
309,3000	0,0766
309,4000	0,0728
309,5000	0,0652
309,6000	0,0677
309,7000	0,0855
309,8000	0,0855
309,9000	0,1097
310,0000	0,0779
310,1000	0,0881
310,2000	0,0512
310,3000	0,0601
310,4000	0,0728
310,5000	0,0804
310,6000	0,0588
310,7000	0,0703
310,8000	0,0741
310,9000	0,0855
311,0000	0,0753
311,1000	0,0855
311,2000	0,0220
311,3000	0,0728
311,4000	0,0715
311,5000	0,0741
311,6000	0,0957
311,7000	0,0588
311,8000	0,0792
311,9000	0,0512
312,0000	0,0906
312,1000	0,0804
312,2000	0,0792
312,3000	0,0626
312,4000	0,1046
312,5000	0,0588
312,6000	0,0728
312,7000	0,0842
312,8000	0,0728
312,9000	0,0677
313,0000	0,0690
313,1000	0,0855
313,2000	0,0639
313,3000	0,0601
313,4000	0,0639
313,5000	0,0881
313,6000	0,0792
313,7000	0,0665
313,8000	0,1033
313,9000	0,0868
314,0000	0,0525
314,1000	0,0970
314,2000	0,0728
314,3000	0,1008
314,4000	0,0995
314,5000	0,0626
314,6000	0,0728
314,7000	0,0741
314,8000	0,0665
314,9000	0,0753
315,0000	0,0728
315,1000	0,0728
315,2000	0,0766
315,3000	0,0792
315,4000	0,0741
315,5000	0,0804
315,6000	0,0855
315,7000	0,0855
315,8000	0,0525
315,9000	0,0779
316,0000	0,0779
316,1000	0,0677
316,2000	0,0766
316,3000	0,0448
316,4000	0,0639
316,5000	0,0919
316,6000	0,0715
316,7000	0,0665
316,8000	0,0728
316,9000	0,0474
317,0000	0,0830
317,1000	0,0753
317,2000	0,0779
317,3000	0,0563
317,4000	0,0715
317,5000	0,0766
317,6000	0,0614
317,7000	0,0792
317,8000	0,0766
317,9000	0,0881
318,0000	0,0576
318,1000	0,0944
318,2000	0,0639
318,3000	0,0881
318,4000	0,0576
318,5000	0,0588
318,6000	0,0715
318,7000	0,0652
318,8000	0,0512
318,9000	0,0792
319,0000	0,0741
319,1000	0,0563
319,2000	0,0665
319,3000	0,0715
319,4000	0,0779
319,5000	0,0639
319,6000	0,1008
319,7000	0,0779
319,8000	0,0474
319,9000	0,0728
320,0000	0,0537
320,1000	0,0792
320,2000	0,0766
320,3000	0,0766
320,4000	0,0703
320,5000	0,1071
320,6000	0,0652
320,7000	0,0665
320,8000	0,0957
320,9000	0,0715
321,0000	0,0550
321,1000	0,0576
321,2000	0,0817
321,3000	0,0436
321,4000	0,0652
321,5000	0,0893
321,6000	0,0715
321,7000	0,0614
321,8000	0,0614
321,9000	0,0906
322,0000	0,0665
322,1000	0,0588
322,2000	0,0906
322,3000	0,0893
322,4000	0,0830
322,5000	0,0677
322,6000	0,0639
322,7000	0,0944
322,8000	0,0842
322,9000	0,0652
323,0000	0,0728
323,1000	0,0537
323,2000	0,0741
323,3000	0,0881
323,4000	0,0690
323,5000	0,0906
323,6000	0,0906
323,7000	0,0804
323,8000	0,0677
323,9000	0,0792
324,0000	0,0512
324,1000	0,0766
324,2000	0,0652
324,3000	0,1046
324,4000	0,0690
324,5000	0,0614
324,6000	0,0741
324,7000	0,0715
324,8000	0,0601
324,9000	0,0703
325,0000	0,0766
325,1000	0,0703
325,2000	0,0665
325,3000	0,0830
325,4000	0,0881
325,5000	0,0665
325,6000	0,0753
325,7000	0,0601
325,8000	0,0665
325,9000	0,0919
326,0000	0,0652
326,1000	0,0766
326,2000	0,1008
326,3000	0,0576
326,4000	0,0766
326,5000	0,0881
326,6000	0,0690
326,7000	0,0677
326,8000	0,0855
326,9000	0,0372
327,0000	0,0677
327,1000	0,0779
327,2000	0,0652
327,3000	0,0537
327,4000	0,0525
327,5000	0,0792
327,6000	0,0855
327,7000	0,0715
327,8000	0,0893
327,9000	0,0677
328,0000	0,0690
328,1000	0,0665
328,2000	0,0792
328,3000	0,0461
328,4000	0,0804
328,5000	0,0690
328,6000	0,0715
328,7000	0,0690
328,8000	0,0715
328,9000	0,0703
329,0000	0,0804
329,1000	0,0703
329,2000	0,0550
329,3000	0,0677
329,4000	0,0728
329,5000	0,0728
329,6000	0,0690
329,7000	0,0753
329,8000	0,0487
329,9000	0,0817
330,0000	0,0423
330,1000	0,0766
330,2000	0,0842
330,3000	0,0728
330,4000	0,0817
330,5000	0,0741
330,6000	0,0792
330,7000	0,0855
330,8000	0,0537
330,9000	0,0728
331,0000	0,0881
331,1000	0,0563
331,2000	0,0919
331,3000	0,0639
331,4000	0,0792
331,5000	0,0830
331,6000	0,0639
331,7000	0,0639
331,8000	0,1084
331,9000	0,0461
332,0000	0,0855
332,1000	0,0715
332,2000	0,0715
332,3000	0,0982
332,4000	0,0588
332,5000	0,0906
332,6000	0,0474
332,7000	0,0842
332,8000	0,0779
332,9000	0,0525
333,0000	0,0665
333,1000	0,0830
333,2000	0,0842
333,3000	0,0576
333,4000	0,0703
333,5000	0,0804
333,6000	0,0792
333,7000	0,0817
333,8000	0,0537
333,9000	0,0741
334,0000	0,0855
334,1000	0,0881
334,2000	0,0588
334,3000	0,0804
334,4000	0,0855
334,5000	0,0830
334,6000	0,0753
334,7000	0,1059
334,8000	0,0499
334,9000	0,0779
335,0000	0,0766
335,1000	0,0626
335,2000	0,0792
335,3000	0,0626
335,4000	0,0626
335,5000	0,0677
335,6000	0,0893
335,7000	0,0512
335,8000	0,0741
335,9000	0,0677
336,0000	0,1020
336,1000	0,0817
336,2000	0,0626
336,3000	0,0893
336,4000	0,0652
336,5000	0,0842
336,6000	0,0639
336,7000	0,0601
336,8000	0,0830
336,9000	0,0804
337,0000	0,0893
337,1000	0,0766
337,2000	0,0804
337,3000	0,0703
337,4000	0,0779
337,5000	0,0474
337,6000	0,0690
337,7000	0,0881
337,8000	0,0588
337,9000	0,0703
338,0000	0,0842
338,1000	0,0995
338,2000	0,0614
338,3000	0,0576
338,4000	0,0804
338,5000	0,0690
338,6000	0,0931
338,7000	0,0639
338,8000	0,0576
338,9000	0,0753
339,0000	0,0830
339,1000	0,0677
339,2000	0,0576
339,3000	0,0639
339,4000	0,0792
339,5000	0,0626
339,6000	0,0728
339,7000	0,0855
339,8000	0,0728
339,9000	0,0563
340,0000	0,0690
340,1000	0,0652
340,2000	0,0893
340,3000	0,0563
340,4000	0,0563
340,5000	0,0741
340,6000	0,0970
340,7000	0,0576
340,8000	0,0779
340,9000	0,0881
341,0000	0,0550
341,1000	0,0703
341,2000	0,0715
341,3000	0,0474
341,4000	0,0830
341,5000	0,1033
341,6000	0,0550
341,7000	0,0893
341,8000	0,0792
341,9000	0,0677
342,0000	0,0753
342,1000	0,0855
342,2000	0,0652
342,3000	0,0448
342,4000	0,0753
342,5000	0,0779
342,6000	0,0690
342,7000	0,0715
342,8000	0,0576
342,9000	0,0830
343,0000	0,0537
343,1000	0,0728
343,2000	0,0753
343,3000	0,0461
343,4000	0,0817
343,5000	0,0588
343,6000	0,0537
343,7000	0,0728
343,8000	0,0906
343,9000	0,0728
344,0000	0,0626
344,1000	0,0817
344,2000	0,0868
344,3000	0,0728
344,4000	0,0563
344,5000	0,0728
344,6000	0,0766
344,7000	0,0512
344,8000	0,0741
344,9000	0,0957
345,0000	0,0626
345,1000	0,0728
345,2000	0,0868
345,3000	0,0817
345,4000	0,0931
345,5000	0,0525
345,6000	0,0677
345,7000	0,0703
345,8000	0,0639
345,9000	0,0550
346,0000	0,0753
346,1000	0,0804
346,2000	0,0550
346,3000	0,0690
346,4000	0,0690
346,5000	0,0614
346,6000	0,0893
346,7000	0,0677
346,8000	0,0652
346,9000	0,0639
347,0000	0,0614
347,1000	0,0665
347,2000	0,0690
347,3000	0,0525
347,4000	0,0792
347,5000	0,0588
347,6000	0,0715
347,7000	0,0410
347,8000	0,0741
347,9000	0,0804
348,0000	0,0614
348,1000	0,0690
348,2000	0,0804
348,3000	0,0474
348,4000	0,0868
348,5000	0,0753
348,6000	0,0537
348,7000	0,0728
348,8000	0,0842
348,9000	0,0792
349,0000	0,0906
349,1000	0,0525
349,2000	0,0601
349,3000	0,0868
349,4000	0,0385
349,5000	0,0830
349,6000	0,0703
349,7000	0,0931
349,8000	0,0906
349,9000	0,0817
350,0000	0,0766
350,1000	0,0779
350,2000	0,0550
350,3000	0,0906
350,4000	0,0842
350,5000	0,0779
350,6000	0,0715
350,7000	0,0715
350,8000	0,0588
350,9000	0,0703
351,0000	0,0715
351,1000	0,0842
351,2000	0,0601
351,3000	0,0741
351,4000	0,0563
351,5000	0,0804
351,6000	0,0919
351,7000	0,0626
351,8000	0,0474
351,9000	0,0766
352,0000	0,0677
352,1000	0,0639
352,2000	0,0588
352,3000	0,0576
352,4000	0,0855
352,5000	0,0639
352,6000	0,0842
352,7000	0,0957
352,8000	0,0639
352,9000	0,0741
353,0000	0,0753
353,1000	0,0728
353,2000	0,0652
353,3000	0,0525
353,4000	0,0690
353,5000	0,0842
353,6000	0,0817
353,7000	0,0792
353,8000	0,0703
353,9000	0,1059
354,0000	0,0906
354,1000	0,0448
354,2000	0,0665
354,3000	0,0944
354,4000	0,0652
354,5000	0,0601
354,6000	0,0499
354,7000	0,0690
354,8000	0,0715
354,9000	0,0906
355,0000	0,0766
355,1000	0,0855
355,2000	0,0639
355,3000	0,0614
355,4000	0,0639
355,5000	0,0576
355,6000	0,0728
355,7000	0,0665
355,8000	0,0703
355,9000	0,0563
356,0000	0,1084
356,1000	0,0614
356,2000	0,0563
356,3000	0,0817
356,4000	0,0792
356,5000	0,0830
356,6000	0,0588
356,7000	0,0639
356,8000	0,0461
356,9000	0,0677
357,0000	0,0779
357,1000	0,0715
357,2000	0,0728
357,3000	0,0957
357,4000	0,0588
357,5000	0,0766
357,6000	0,0588
357,7000	0,0881
357,8000	0,0728
357,9000	0,0728
358,0000	0,0652
358,1000	0,0703
358,2000	0,0842
358,3000	0,0639
358,4000	0,0792
358,5000	0,0893
358,6000	0,0550
358,7000	0,0690
358,8000	0,0677
358,9000	0,0525
359,0000	0,0830
359,1000	0,0626
359,2000	0,0766
359,3000	0,0665
359,4000	0,0639
359,5000	0,0563
359,6000	0,0639
359,7000	0,0792
359,8000	0,0804
359,9000	0,0741
360,0000	0,0677
360,1000	0,0436
360,2000	0,0601
360,3000	0,0715
360,4000	0,0665
360,5000	0,0804
360,6000	0,0398
360,7000	0,0576
360,8000	0,0728
360,9000	0,0753
361,0000	0,0817
361,1000	0,0766
361,2000	0,0576
361,3000	0,0703
361,4000	0,0576
361,5000	0,0830
361,6000	0,0537
361,7000	0,0766
361,8000	0,0665
361,9000	0,0741
362,0000	0,0830
362,1000	0,0893
362,2000	0,0398
362,3000	0,0728
362,4000	0,0944
362,5000	0,0944
362,6000	0,0525
362,7000	0,0703
362,8000	0,0690
362,9000	0,0830
363,0000	0,0753
363,1000	0,0588
363,2000	0,0715
363,3000	0,0626
363,4000	0,0728
363,5000	0,0919
363,6000	0,0817
363,7000	0,0588
363,8000	0,0703
363,9000	0,0957
364,0000	0,0639
364,1000	0,0779
364,2000	0,0779
364,3000	0,0474
364,4000	0,0677
364,5000	0,0614
364,6000	0,0652
364,7000	0,0906
364,8000	0,0842
364,9000	0,0665
365,0000	0,0728
365,1000	0,0525
365,2000	0,0741
365,3000	0,0715
365,4000	0,0703
365,5000	0,1071
365,6000	0,0728
365,7000	0,1033
365,8000	0,0728
365,9000	0,0919
366,0000	0,0881
366,1000	0,0652
366,2000	0,0677
366,3000	0,0614
366,4000	0,0779
366,5000	0,0779
366,6000	0,0830
366,7000	0,0576
366,8000	0,0703
366,9000	0,0665
367,0000	0,0728
367,1000	0,0703
367,2000	0,0881
367,3000	0,0639
367,4000	0,0537
367,5000	0,0804
367,6000	0,0766
367,7000	0,0677
367,8000	0,0830
367,9000	0,0982
368,0000	0,0576
368,1000	0,0626
368,2000	0,0423
368,3000	0,0512
368,4000	0,0690
368,5000	0,0639
368,6000	0,0537
368,7000	0,0677
368,8000	0,0487
368,9000	0,0906
369,0000	0,0715
369,1000	0,0703
369,2000	0,0753
369,3000	0,0652
369,4000	0,0766
369,5000	0,0677
369,6000	0,0817
369,7000	0,0868
369,8000	0,0601
369,9000	0,0766
370,0000	0,0728
370,1000	0,0550
370,2000	0,0601
370,3000	0,0588
370,4000	0,0639
370,5000	0,0576
370,6000	0,0792
370,7000	0,0728
370,8000	0,0588
370,9000	0,0741
371,0000	0,0537
371,1000	0,0804
371,2000	0,0830
371,3000	0,0779
371,4000	0,0588
371,5000	0,0614
371,6000	0,0601
371,7000	0,0690
371,8000	0,0690
371,9000	0,0576
372,0000	0,0766
372,1000	0,0842
372,2000	0,0906
372,3000	0,0842
372,4000	0,0639
372,5000	0,0474
372,6000	0,0601
372,7000	0,0741
372,8000	0,0842
372,9000	0,0525
373,0000	0,0639
373,1000	0,0779
373,2000	0,0614
373,3000	0,0665
373,4000	0,0677
373,5000	0,0944
373,6000	0,0753
373,7000	0,0588
373,8000	0,0970
373,9000	0,0665
374,0000	0,0677
374,1000	0,0741
374,2000	0,0753
374,3000	0,0868
374,4000	0,0626
374,5000	0,0741
374,6000	0,0804
374,7000	0,0830
374,8000	0,0741
374,9000	0,0588
375,0000	0,0639
375,1000	0,0728
375,2000	0,0779
375,3000	0,0715
375,4000	0,0537
375,5000	0,0639
375,6000	0,0741
375,7000	0,0817
375,8000	0,0766
375,9000	0,0487
376,0000	0,0703
376,1000	0,0665
376,2000	0,0893
376,3000	0,0665
376,4000	0,0639
376,5000	0,0753
376,6000	0,0665
376,7000	0,0576
376,8000	0,0741
376,9000	0,0614
377,0000	0,0842
377,1000	0,0792
377,2000	0,0626
377,3000	0,0792
377,4000	0,0715
377,5000	0,0703
377,6000	0,0690
377,7000	0,0703
377,8000	0,0944
377,9000	0,0817
378,0000	0,0461
378,1000	0,1326
378,2000	0,0881
378,3000	0,0512
378,4000	0,0804
378,5000	0,0614
378,6000	0,0753
378,7000	0,0665
378,8000	0,0728
378,9000	0,0665
379,0000	0,0741
379,1000	0,0881
379,2000	0,0728
379,3000	0,0665
379,4000	0,0550
379,5000	0,0753
379,6000	0,0842
379,7000	0,0817
379,8000	0,0766
379,9000	0,0741
380,0000	0,0652
380,1000	0,0855
380,2000	0,0881
380,3000	0,0703
380,4000	0,0537
380,5000	0,0665
380,6000	0,0804
380,7000	0,0525
380,8000	0,0652
380,9000	0,0690
381,0000	0,0639
381,1000	0,0881
381,2000	0,0842
381,3000	0,0779
381,4000	0,0639
381,5000	0,0550
381,6000	0,0944
381,7000	0,0423
381,8000	0,0893
381,9000	0,0804
382,0000	0,0728
382,1000	0,0728
382,2000	0,0601
382,3000	0,0652
382,4000	0,0512
382,5000	0,0779
382,6000	0,0855
382,7000	0,0842
382,8000	0,0652
382,9000	0,0436
383,0000	0,0804
383,1000	0,0919
383,2000	0,0881
383,3000	0,0626
383,4000	0,0842
383,5000	0,0881
383,6000	0,0487
383,7000	0,0703
383,8000	0,0766
383,9000	0,1084
384,0000	0,0817
384,1000	0,0639
384,2000	0,0576
384,3000	0,0842
384,4000	0,0728
384,5000	0,0550
384,6000	0,0893
384,7000	0,0614
384,8000	0,0741
384,9000	0,0487
385,0000	0,0715
385,1000	0,0652
385,2000	0,0715
385,3000	0,0626
385,4000	0,0576
385,5000	0,0715
385,6000	0,0830
385,7000	0,0703
385,8000	0,0842
385,9000	0,0690
386,0000	0,0690
386,1000	0,0525
386,2000	0,0728
386,3000	0,0461
386,4000	0,0728
386,5000	0,0525
386,6000	0,0601
386,7000	0,0715
386,8000	0,0614
386,9000	0,0753
387,0000	0,0779
387,1000	0,0830
387,2000	0,0741
387,3000	0,0982
387,4000	0,0677
387,5000	0,0321
387,6000	0,0677
387,7000	0,0601
387,8000	0,0665
387,9000	0,0741
388,0000	0,0525
388,1000	0,0931
388,2000	0,0893
388,3000	0,0868
388,4000	0,0715
388,5000	0,1020
388,6000	0,0639
388,7000	0,0614
388,8000	0,0563
388,9000	0,0487
389,0000	0,0690
389,1000	0,0766
389,2000	0,0588
389,3000	0,0665
389,4000	0,0703
389,5000	0,0677
389,6000	0,0537
389,7000	0,0639
389,8000	0,0487
389,9000	0,0804
390,0000	0,0703
390,1000	0,0601
390,2000	0,0753
390,3000	0,0639
390,4000	0,0550
390,5000	0,0779
390,6000	0,0715
390,7000	0,0728
390,8000	0,0537
390,9000	0,0842
391,0000	0,0550
391,1000	0,0614
391,2000	0,0576
391,3000	0,0626
391,4000	0,0792
391,5000	0,0677
391,6000	0,0855
391,7000	0,0728
391,8000	0,0614
391,9000	0,0525
392,0000	0,0982
392,1000	0,0461
392,2000	0,0474
392,3000	0,0753
392,4000	0,0715
392,5000	0,0703
392,6000	0,0779
392,7000	0,0919
392,8000	0,0766
392,9000	0,0626
393,0000	0,0830
393,1000	0,0830
393,2000	0,0728
393,3000	0,0677
393,4000	0,0677
393,5000	0,0766
393,6000	0,0792
393,7000	0,0626
393,8000	0,0792
393,9000	0,1071
394,0000	0,0792
394,1000	0,0512
394,2000	0,0537
394,3000	0,1122
394,4000	0,0817
394,5000	0,0779
394,6000	0,0550
394,7000	0,0626
394,8000	0,0614
394,9000	0,0537
395,0000	0,0804
395,1000	0,0817
395,2000	0,0537
395,3000	0,0626
395,4000	0,0741
395,5000	0,0588
395,6000	0,0715
395,7000	0,0677
395,8000	0,0855
395,9000	0,0779
396,0000	0,0690
396,1000	0,0741
396,2000	0,0753
396,3000	0,0385
396,4000	0,0601
396,5000	0,0715
396,6000	0,0715
396,7000	0,0512
396,8000	0,0626
396,9000	0,0677
397,0000	0,0741
397,1000	0,0779
397,2000	0,0728
397,3000	0,0512
397,4000	0,0487
397,5000	0,0576
397,6000	0,0690
397,7000	0,0855
397,8000	0,0614
397,9000	0,0703
398,0000	0,0601
398,1000	0,0741
398,2000	0,0677
398,3000	0,0842
398,4000	0,0728
398,5000	0,0741
398,6000	0,0576
398,7000	0,0715
398,8000	0,0525
398,9000	0,0741
399,0000	0,0753
399,1000	0,0601
399,2000	0,0563
399,3000	0,0817
399,4000	0,0779
399,5000	0,0588
399,6000	0,0563
399,7000	0,0690
399,8000	0,0715
399,9000	0,0792
400,0000	0,0639
