0,0000	0,7657
0,0600	0,2444
0,1200	-0,0391
0,1800	0,0804
0,2400	-0,0098
0,3000	0,0080
0,3600	0,0309
0,4200	0,0245
0,4800	0,0194
0,5400	0,0143
0,6000	0,0181
0,6600	0,0181
0,7200	0,0232
0,7800	0,0232
0,8400	0,0220
0,9000	0,0207
0,9600	0,0232
1,0200	0,0334
1,0800	0,0232
1,1400	0,0042
1,2000	0,0232
1,2600	0,0003
1,3200	0,0181
1,3800	0,0156
1,4400	0,0131
1,5000	0,0080
1,5600	0,0207
1,6200	0,0131
1,6800	0,0321
1,7400	0,0181
1,8000	0,0169
1,8600	0,0258
1,9200	0,0309
1,9800	0,0270
2,0400	0,0245
2,1000	0,0080
2,1600	0,0169
2,2200	0,0131
2,2800	0,0207
2,3400	0,0092
2,4000	0,0245
2,4600	0,0156
2,5200	0,0245
2,5800	0,0296
2,6400	0,0092
2,7000	0,0080
2,7600	0,0067
2,8200	0,0105
2,8800	0,0220
2,9400	0,0143
3,0000	0,0105
3,0600	0,0194
3,1200	0,0131
3,1800	0,0194
3,2400	0,0169
3,3000	0,0232
3,3600	0,0232
3,4200	0,0220
3,4800	0,0296
3,5400	0,0118
3,6000	0,0232
3,6600	0,0118
3,7200	0,0143
3,7800	0,0207
3,8400	0,0092
3,9000	0,0143
3,9600	0,0156
4,0200	0,0143
4,0800	0,0220
4,1400	0,0169
4,2000	0,0194
4,2600	0,0181
4,3200	0,0232
4,3800	0,0156
4,4400	0,0181
4,5000	0,0181
4,5600	0,0143
4,6200	0,0118
4,6800	0,0131
4,7400	0,0118
4,8000	0,0194
4,8600	0,0194
4,9200	0,0143
4,9800	0,0105
5,0400	0,0181
5,1000	0,0156
5,1600	0,0169
5,2200	0,0016
5,2800	0,0283
5,3400	0,0169
5,4000	0,0207
5,4600	0,0194
5,5200	0,0181
5,5800	0,0296
5,6400	0,0131
5,7000	0,0080
5,7600	0,0143
5,8200	0,0220
5,8800	0,0143
5,9400	0,0169
6,0000	0,0042
6,0600	0,0207
6,1200	0,0092
6,1800	0,0194
6,2400	0,0181
6,3000	0,0092
6,3600	0,0080
6,4200	0,0156
6,4800	0,0334
6,5400	0,0054
6,6000	0,0181
6,6600	0,0181
6,7200	-0,0009
6,7800	0,0181
6,8400	0,0131
6,9000	0,0080
6,9600	0,0283
7,0200	0,0169
7,0800	0,0245
7,1400	0,0042
7,2000	0,0118
7,2600	0,0232
7,3200	0,0181
7,3800	0,0169
7,4400	0,0156
7,5000	0,0092
7,5600	0,0143
7,6200	0,0092
7,6800	0,0270
7,7400	0,0131
7,8000	0,0092
7,8600	0,0181
7,9200	0,0245
7,9800	0,0042
8,0400	0,0029
8,1000	0,0194
8,1600	0,0181
8,2200	0,0143
8,2800	0,0245
8,3400	-0,0009
8,4000	0,0309
8,4600	0,0105
8,5200	0,0080
8,5800	0,0207
8,6400	0,0118
8,7000	0,0245
8,7600	0,0181
8,8200	0,0207
8,8800	0,0220
8,9400	0,0118
9,0000	0,0194
9,0600	0,0118
9,1200	0,0220
9,1800	0,0054
9,2400	0,0194
9,3000	0,0080
9,3600	0,0181
9,4200	0,0169
9,4800	0,0296
9,5400	0,0118
9,6000	0,0258
9,6600	-0,0009
9,7200	0,0220
9,7800	0,0181
9,8400	0,0220
9,9000	0,0131
9,9600	0,0207
10,0200	0,0181
10,0800	0,0118
10,1400	0,0207
10,2000	0,0207
10,2600	0,0270
10,3200	0,0270
10,3800	0,0042
10,4400	0,0309
10,5000	0,0029
10,5600	0,0080
10,6200	0,0105
10,6800	0,0080
10,7400	0,0118
10,8000	0,0169
10,8600	0,0258
10,9200	0,0067
10,9800	0,0232
11,0400	0,0245
11,1000	0,0169
11,1600	0,0194
11,2200	0,0169
11,2800	0,0016
11,3400	0,0143
11,4000	0,0156
11,4600	0,0080
11,5200	0,0194
11,5800	0,0220
11,6400	0,0258
11,7000	0,0131
11,7600	0,0105
11,8200	0,0181
11,8800	0,0156
11,9400	0,0194
12,0000	0,0143
12,0600	0,0131
12,1200	0,0270
12,1800	0,0296
12,2400	0,0092
12,3000	0,0156
12,3600	0,0194
12,4200	0,0270
12,4800	0,0194
12,5400	0,0309
12,6000	0,0042
12,6600	0,0334
12,7200	0,0194
12,7800	0,0232
12,8400	0,0105
12,9000	0,0207
12,9600	0,0232
13,0200	0,0105
13,0800	0,0194
13,1400	0,0016
13,2000	0,0067
13,2600	0,0169
13,3200	0,0220
13,3800	0,0194
13,4400	0,0156
13,5000	0,0080
13,5600	0,0169
13,6200	0,0245
13,6800	0,0169
13,7400	0,0067
13,8000	0,0232
13,8600	0,0258
13,9200	0,0181
13,9800	0,0156
14,0400	0,0131
14,1000	0,0105
14,1600	0,0181
14,2200	0,0232
14,2800	0,0270
14,3400	0,0194
14,4000	0,0169
14,4600	0,0156
14,5200	0,0092
14,5800	0,0131
14,6400	0,0143
14,7000	0,0258
14,7600	0,0118
14,8200	0,0042
14,8800	0,0181
14,9400	0,0232
15,0000	0,0283
15,0600	0,0118
15,1200	0,0156
15,1800	0,0105
15,2400	0,0207
15,3000	0,0207
15,3600	0,0143
15,4200	0,0194
15,4800	0,0181
15,5400	0,0207
15,6000	0,0105
15,6600	0,0220
15,7200	0,0143
15,7800	0,0105
15,8400	0,0143
15,9000	0,0092
15,9600	0,0143
16,0200	0,0156
16,0800	0,0220
16,1400	0,0245
16,2000	0,0181
16,2600	0,0143
16,3200	0,0207
16,3800	0,0207
16,4400	0,0156
16,5000	0,0207
16,5600	0,0283
16,6200	0,0169
16,6800	0,0232
16,7400	0,0181
16,8000	0,0169
16,8600	0,0080
16,9200	0,0232
16,9800	0,0156
17,0400	0,0245
17,1000	0,0194
17,1600	0,0131
17,2200	0,0194
17,2800	0,0258
17,3400	0,0169
17,4000	0,0092
17,4600	0,0143
17,5200	0,0194
17,5800	0,0181
17,6400	0,0258
17,7000	0,0118
17,7600	0,0156
17,8200	0,0245
17,8800	0,0092
17,9400	0,0220
18,0000	0,0296
18,0600	0,0245
18,1200	0,0270
18,1800	0,0143
18,2400	0,0296
18,3000	0,0118
18,3600	0,0283
18,4200	0,0029
18,4800	0,0092
18,5400	0,0118
18,6000	0,0232
18,6600	0,0283
18,7200	0,0220
18,7800	0,0143
18,8400	0,0143
18,9000	0,0181
18,9600	0,0092
19,0200	0,0067
19,0800	0,0105
19,1400	0,0181
19,2000	0,0118
19,2600	0,0080
19,3200	0,0054
19,3800	0,0270
19,4400	0,0283
19,5000	0,0169
19,5600	0,0105
19,6200	0,0194
19,6800	0,0207
19,7400	0,0092
19,8000	0,0105
19,8600	0,0194
19,9200	0,0258
19,9800	0,0092
20,0400	0,0270
20,1000	0,0245
20,1600	0,0169
20,2200	0,0245
20,2800	0,0270
20,3400	0,0092
20,4000	0,0181
20,4600	0,0169
20,5200	0,0131
20,5800	0,0220
20,6400	0,0194
20,7000	0,0169
20,7600	0,0156
20,8200	0,0207
20,8800	0,0309
20,9400	0,0143
21,0000	0,0258
21,0600	0,0092
21,1200	0,0258
21,1800	0,0245
21,2400	0,0118
21,3000	0,0258
21,3600	0,0334
21,4200	0,0245
21,4800	0,0270
21,5400	0,0131
21,6000	0,0194
21,6600	0,0092
21,7200	0,0245
21,7800	0,0258
21,8400	0,0143
21,9000	0,0181
21,9600	0,0207
22,0200	0,0207
22,0800	0,0181
22,1400	0,0270
22,2000	0,0169
22,2600	0,0131
22,3200	0,0232
22,3800	0,0105
22,4400	0,0194
22,5000	0,0194
22,5600	0,0245
22,6200	0,0131
22,6800	0,0309
22,7400	0,0232
22,8000	0,0232
22,8600	0,0270
22,9200	0,0258
22,9800	0,0169
23,0400	0,0220
23,1000	0,0118
23,1600	0,0207
23,2200	0,0118
23,2800	0,0118
23,3400	0,0296
23,4000	0,0118
23,4600	0,0181
23,5200	0,0143
23,5800	0,0334
23,6400	0,0181
23,7000	0,0194
23,7600	0,0143
23,8200	0,0207
23,8800	0,0207
23,9400	0,0169
24,0000	0,0105
24,0600	0,0092
24,1200	0,0169
24,1800	0,0232
24,2400	0,0220
24,3000	0,0245
24,3600	0,0169
24,4200	0,0105
24,4800	0,0181
24,5400	0,0207
24,6000	0,0131
24,6600	0,0131
24,7200	0,0207
24,7800	0,0181
24,8400	0,0092
24,9000	0,0105
24,9600	0,0232
25,0200	0,0042
25,0800	0,0258
25,1400	0,0143
25,2000	0,0194
25,2600	0,0156
25,3200	0,0080
25,3800	0,0092
25,4400	0,0245
25,5000	0,0118
25,5600	0,0169
25,6200	0,0118
25,6800	0,0143
25,7400	0,0080
25,8000	0,0270
25,8600	0,0220
25,9200	0,0245
25,9800	0,0042
26,0400	0,0220
26,1000	0,0194
26,1600	0,0080
26,2200	0,0131
26,2800	0,0258
26,3400	0,0309
26,4000	0,0143
26,4600	0,0016
26,5200	0,0232
26,5800	0,0156
26,6400	0,0309
26,7000	0,0220
26,7600	0,0092
26,8200	0,0232
26,8800	0,0309
26,9400	0,0270
27,0000	0,0080
27,0600	0,0207
27,1200	0,0118
27,1800	0,0169
27,2400	0,0042
27,3000	0,0105
27,3600	0,0143
27,4200	0,0270
27,4800	0,0156
27,5400	0,0258
27,6000	0,0029
27,6600	0,0245
27,7200	0,0232
27,7800	0,0181
27,8400	0,0258
27,9000	0,0270
27,9600	0,0245
28,0200	0,0042
28,0800	0,0321
28,1400	0,0245
28,2000	0,0118
28,2600	0,0092
28,3200	0,0181
28,3800	0,0131
28,4400	0,0169
28,5000	0,0118
28,5600	0,0194
28,6200	0,0181
28,6800	0,0220
28,7400	0,0181
28,8000	0,0118
28,8600	0,0143
28,9200	0,0207
28,9800	0,0232
29,0400	0,0220
29,1000	0,0067
29,1600	0,0220
29,2200	0,0054
29,2800	0,0194
29,3400	0,0156
29,4000	0,0220
29,4600	0,0029
29,5200	0,0131
29,5800	0,0232
29,6400	0,0334
29,7000	0,0258
29,7600	0,0258
29,8200	0,0156
29,8800	0,0092
29,9400	0,0092
30,0000	0,0245
30,0600	0,0258
30,1200	0,0245
30,1800	0,0131
30,2400	0,0181
30,3000	0,0181
30,3600	0,0207
30,4200	0,0092
30,4800	0,0194
30,5400	0,0207
30,6000	0,0156
30,6600	0,0220
30,7200	0,0258
30,7800	0,0232
30,8400	0,0207
30,9000	0,0169
30,9600	0,0245
31,0200	0,0054
31,0800	0,0245
31,1400	0,0131
31,2000	0,0283
31,2600	0,0220
31,3200	0,0092
31,3800	0,0156
31,4400	0,0181
31,5000	0,0054
31,5600	0,0080
31,6200	0,0207
31,6800	0,0245
31,7400	0,0067
31,8000	0,0270
31,8600	0,0092
31,9200	0,0181
31,9800	0,0207
32,0400	0,0181
32,1000	0,0283
32,1600	0,0207
32,2200	0,0080
32,2800	0,0118
32,3400	0,0054
32,4000	0,0042
32,4600	0,0092
32,5200	0,0169
32,5800	0,0232
32,6400	0,0270
32,7000	0,0245
32,7600	0,0181
32,8200	0,0169
32,8800	0,0283
32,9400	0,0092
33,0000	0,0245
33,0600	0,0283
33,1200	0,0080
33,1800	0,0092
33,2400	0,0207
33,3000	0,0143
33,3600	0,0194
33,4200	0,0118
33,4800	0,0245
33,5400	0,0067
33,6000	0,0245
33,6600	0,0283
33,7200	0,0194
33,7800	0,0105
33,8400	0,0283
33,9000	0,0181
33,9600	0,0194
34,0200	0,0067
34,0800	0,0194
34,1400	0,0194
34,2000	0,0245
34,2600	0,0143
34,3200	0,0080
34,3800	0,0270
34,4400	0,0169
34,5000	0,0143
34,5600	0,0181
34,6200	0,0207
34,6800	0,0321
34,7400	0,0092
34,8000	0,0131
34,8600	0,0245
34,9200	0,0245
34,9800	0,0080
35,0400	0,0143
35,1000	0,0105
35,1600	0,0092
35,2200	0,0334
35,2800	0,0283
35,3400	0,0309
35,4000	0,0092
35,4600	0,0309
35,5200	0,0232
35,5800	0,0080
35,6400	0,0156
35,7000	0,0169
35,7600	0,0270
35,8200	0,0003
35,8800	0,0131
35,9400	0,0245
36,0000	0,0181
36,0600	0,0131
36,1200	0,0194
36,1800	0,0105
36,2400	0,0118
36,3000	0,0283
36,3600	0,0156
36,4200	0,0169
36,4800	0,0169
36,5400	0,0270
36,6000	0,0207
36,6600	0,0232
36,7200	0,0080
36,7800	0,0029
36,8400	0,0245
36,9000	0,0181
36,9600	0,0181
37,0200	0,0245
37,0800	0,0270
37,1400	0,0283
37,2000	0,0080
37,2600	0,0181
37,3200	0,0258
37,3800	0,0245
37,4400	0,0207
37,5000	0,0245
37,5600	0,0232
37,6200	0,0156
37,6800	0,0169
37,7400	0,0131
37,8000	0,0016
37,8600	0,0181
37,9200	0,0080
37,9800	0,0309
38,0400	0,0194
38,1000	0,0118
38,1600	0,0232
38,2200	0,0143
38,2800	0,0118
38,3400	0,0143
38,4000	0,0118
38,4600	0,0194
38,5200	0,0143
38,5800	0,0156
38,6400	0,0194
38,7000	0,0194
38,7600	0,0258
38,8200	0,0207
38,8800	0,0270
38,9400	0,0156
39,0000	0,0105
39,0600	0,0194
39,1200	0,0105
39,1800	0,0232
39,2400	0,0143
39,3000	0,0169
39,3600	0,0131
39,4200	0,0194
39,4800	0,0092
39,5400	0,0232
39,6000	0,0194
39,6600	0,0181
39,7200	0,0181
39,7800	0,0258
39,8400	0,0245
39,9000	0,0181
39,9600	0,0296
40,0200	0,0181
40,0800	0,0131
40,1400	0,0207
40,2000	0,0092
40,2600	0,0220
40,3200	0,0118
40,3800	0,0309
40,4400	0,0131
40,5000	0,0232
40,5600	0,0232
40,6200	0,0143
40,6800	0,0156
40,7400	0,0092
40,8000	0,0245
40,8600	0,0181
40,9200	0,0181
40,9800	0,0220
41,0400	0,0194
41,1000	0,0169
41,1600	0,0283
41,2200	0,0092
41,2800	0,0207
41,3400	0,0207
41,4000	0,0143
41,4600	0,0067
41,5200	0,0131
41,5800	0,0232
41,6400	0,0245
41,7000	0,0092
41,7600	0,0232
41,8200	0,0245
41,8800	0,0118
41,9400	0,0207
42,0000	0,0270
42,0600	0,0245
42,1200	0,0042
42,1800	0,0181
42,2400	0,0131
42,3000	0,0270
42,3600	0,0220
42,4200	0,0105
42,4800	0,0042
42,5400	0,0283
42,6000	0,0283
42,6600	0,0220
42,7200	0,0029
42,7800	0,0220
42,8400	0,0131
42,9000	0,0181
42,9600	0,0181
43,0200	0,0245
43,0800	0,0118
43,1400	0,0067
43,2000	0,0207
43,2600	0,0105
43,3200	0,0118
43,3800	0,0207
43,4400	0,0092
43,5000	0,0220
43,5600	0,0270
43,6200	0,0156
43,6800	0,0143
43,7400	0,0143
43,8000	0,0156
43,8600	0,0207
43,9200	0,0080
43,9800	0,0143
44,0400	0,0207
44,1000	0,0156
44,1600	0,0321
44,2200	0,0232
44,2800	0,0270
44,3400	0,0181
44,4000	0,0321
44,4600	0,0156
44,5200	0,0105
44,5800	0,0258
44,6400	0,0143
44,7000	0,0169
44,7600	0,0080
44,8200	0,0131
44,8800	0,0181
44,9400	0,0156
45,0000	0,0029
45,0600	0,0245
45,1200	0,0118
45,1800	0,0309
45,2400	0,0270
45,3000	0,0156
45,3600	0,0054
45,4200	0,0143
45,4800	0,0347
45,5400	0,0156
45,6000	0,0181
45,6600	0,0131
45,7200	0,0131
45,7800	0,0207
45,8400	0,0156
45,9000	0,0156
45,9600	0,0080
46,0200	0,0080
46,0800	0,0118
46,1400	0,0181
46,2000	0,0283
46,2600	0,0118
46,3200	0,0131
46,3800	0,0118
46,4400	0,0181
46,5000	0,0054
46,5600	0,0220
46,6200	0,0105
46,6800	0,0220
46,7400	0,0169
46,8000	0,0143
46,8600	0,0321
46,9200	0,0169
46,9800	0,0194
47,0400	0,0067
47,1000	0,0207
47,1600	0,0131
47,2200	0,0118
47,2800	0,0207
47,3400	0,0118
47,4000	0,0143
47,4600	0,0245
47,5200	0,0220
47,5800	0,0131
47,6400	0,0054
47,7000	0,0232
47,7600	0,0181
47,8200	0,0143
47,8800	0,0207
47,9400	0,0143
48,0000	0,0169
48,0600	0,0258
48,1200	0,0232
48,1800	0,0156
48,2400	0,0105
48,3000	0,0270
48,3600	0,0156
48,4200	0,0181
48,4800	0,0309
48,5400	0,0245
48,6000	0,0245
48,6600	0,0245
48,7200	0,0029
48,7800	0,0054
48,8400	0,0194
48,9000	0,0131
48,9600	0,0270
49,0200	0,0105
49,0800	0,0220
49,1400	0,0118
49,2000	0,0207
49,2600	0,0270
49,3200	0,0105
49,3800	0,0283
49,4400	0,0118
49,5000	0,0245
49,5600	0,0194
49,6200	0,0220
49,6800	0,0194
49,7400	0,0131
49,8000	0,0118
49,8600	0,0207
49,9200	0,0156
49,9800	0,0105
50,0400	0,0029
50,1000	0,0054
50,1600	0,0258
50,2200	0,0220
50,2800	0,0207
50,3400	0,0143
50,4000	0,0220
50,4600	0,0220
50,5200	0,0181
50,5800	0,0194
50,6400	0,0054
50,7000	0,0207
50,7600	0,0283
50,8200	0,0156
50,8800	0,0092
50,9400	0,0220
51,0000	0,0092
51,0600	0,0156
51,1200	0,0194
51,1800	0,0245
51,2400	0,0220
51,3000	0,0245
51,3600	0,0092
51,4200	0,0118
51,4800	0,0054
51,5400	0,0118
51,6000	0,0118
51,6600	0,0194
51,7200	0,0194
51,7800	0,0169
51,8400	0,0232
51,9000	0,0169
51,9600	0,0220
52,0200	0,0054
52,0800	0,0270
52,1400	0,0334
52,2000	0,0245
52,2600	0,0181
52,3200	0,0143
52,3800	0,0169
52,4400	0,0169
52,5000	0,0156
52,5600	0,0156
52,6200	0,0092
52,6800	0,0194
52,7400	0,0232
52,8000	0,0169
52,8600	0,0347
52,9200	0,0181
52,9800	0,0156
53,0400	0,0169
53,1000	0,0181
53,1600	0,0067
53,2200	0,0283
53,2800	0,0092
53,3400	0,0232
53,4000	0,0156
53,4600	0,0245
53,5200	0,0169
53,5800	0,0105
53,6400	0,0283
53,7000	0,0181
53,7600	0,0283
53,8200	0,0194
53,8800	0,0207
53,9400	0,0309
54,0000	0,0143
54,0600	0,0080
54,1200	0,0270
54,1800	0,0207
54,2400	0,0181
54,3000	0,0232
54,3600	0,0169
54,4200	0,0105
54,4800	0,0156
54,5400	0,0169
54,6000	0,0207
54,6600	0,0156
54,7200	0,0156
54,7800	0,0220
54,8400	0,0232
54,9000	0,0169
54,9600	0,0143
55,0200	0,0220
55,0800	0,0067
55,1400	0,0092
55,2000	0,0232
55,2600	0,0042
55,3200	0,0258
55,3800	0,0220
55,4400	0,0042
55,5000	0,0270
55,5600	0,0181
55,6200	0,0105
55,6800	0,0181
55,7400	0,0194
55,8000	0,0220
55,8600	0,0194
55,9200	0,0080
55,9800	0,0258
56,0400	0,0181
56,1000	0,0181
56,1600	0,0169
56,2200	0,0270
56,2800	0,0029
56,3400	0,0080
56,4000	0,0220
56,4600	0,0105
56,5200	0,0296
56,5800	0,0067
56,6400	0,0131
56,7000	0,0118
56,7600	0,0220
56,8200	0,0258
56,8800	0,0042
56,9400	0,0092
57,0000	0,0105
57,0600	0,0118
57,1200	0,0118
57,1800	0,0067
57,2400	0,0283
57,3000	0,0296
57,3600	0,0220
57,4200	0,0334
57,4800	0,0169
57,5400	0,0105
57,6000	0,0080
57,6600	0,0232
57,7200	0,0169
57,7800	0,0194
57,8400	0,0169
57,9000	0,0080
57,9600	0,0232
58,0200	0,0258
58,0800	0,0080
58,1400	0,0105
58,2000	0,0258
58,2600	0,0143
58,3200	0,0258
58,3800	0,0232
58,4400	0,0220
58,5000	0,0194
58,5600	0,0131
58,6200	0,0092
58,6800	0,0181
58,7400	0,0181
58,8000	0,0042
58,8600	0,0156
58,9200	0,0245
58,9800	0,0156
59,0400	0,0220
59,1000	0,0258
59,1600	0,0092
59,2200	0,0092
59,2800	0,0131
59,3400	0,0181
59,4000	0,0207
59,4600	0,0143
59,5200	0,0181
59,5800	0,0131
59,6400	0,0270
59,7000	0,0270
59,7600	0,0029
59,8200	0,0105
59,8800	0,0080
59,9400	0,0105
60,0000	0,0054
60,0600	0,0283
60,1200	0,0067
60,1800	0,0181
60,2400	0,0029
60,3000	0,0194
60,3600	0,0092
60,4200	0,0309
60,4800	0,0131
60,5400	0,0118
60,6000	0,0067
60,6600	0,0131
60,7200	0,0131
60,7800	0,0181
60,8400	0,0232
60,9000	0,0105
60,9600	0,0105
61,0200	0,0067
61,0800	0,0156
61,1400	0,0092
61,2000	0,0118
61,2600	0,0245
61,3200	0,0118
61,3800	0,0169
61,4400	0,0220
61,5000	0,0232
61,5600	0,0080
61,6200	0,0220
61,6800	0,0105
61,7400	0,0131
61,8000	0,0283
61,8600	0,0131
61,9200	0,0156
61,9800	0,0169
62,0400	0,0220
62,1000	0,0194
62,1600	0,0105
62,2200	0,0169
62,2800	0,0220
62,3400	0,0131
62,4000	0,0169
62,4600	0,0309
62,5200	0,0232
62,5800	0,0156
62,6400	0,0207
62,7000	0,0169
62,7600	0,0054
62,8200	0,0169
62,8800	0,0334
62,9400	0,0118
63,0000	0,0194
63,0600	0,0220
63,1200	0,0080
63,1800	0,0143
63,2400	0,0118
63,3000	0,0181
63,3600	0,0156
63,4200	0,0131
63,4800	0,0270
63,5400	0,0131
63,6000	0,0156
63,6600	0,0118
63,7200	0,0092
63,7800	0,0220
63,8400	0,0169
63,9000	0,0169
63,9600	0,0296
64,0200	0,0258
64,0800	0,0258
64,1400	0,0118
64,2000	0,0054
64,2600	0,0194
64,3200	0,0309
64,3800	0,0143
64,4400	0,0245
64,5000	0,0067
64,5600	0,0232
64,6200	0,0143
64,6800	0,0067
64,7400	0,0169
64,8000	0,0105
64,8600	0,0194
64,9200	0,0118
64,9800	0,0181
65,0400	0,0131
65,1000	0,0054
65,1600	0,0258
65,2200	0,0080
65,2800	0,0080
65,3400	0,0232
65,4000	0,0309
65,4600	0,0131
65,5200	0,0245
65,5800	0,0258
65,6400	0,0131
65,7000	0,0220
65,7600	0,0105
65,8200	0,0156
65,8800	0,0181
65,9400	0,0156
66,0000	0,0309
66,0600	0,0029
66,1200	0,0131
66,1800	0,0054
66,2400	0,0258
66,3000	0,0080
66,3600	0,0169
66,4200	0,0258
66,4800	0,0194
66,5400	0,0105
66,6000	0,0156
66,6600	0,0232
66,7200	0,0245
66,7800	0,0156
66,8400	0,0232
66,9000	0,0207
66,9600	0,0156
67,0200	0,0232
67,0800	0,0207
67,1400	0,0194
67,2000	0,0194
67,2600	0,0181
67,3200	0,0131
67,3800	0,0220
67,4400	0,0080
67,5000	0,0131
67,5600	0,0181
67,6200	0,0156
67,6800	0,0131
67,7400	0,0232
67,8000	0,0207
67,8600	0,0105
67,9200	0,0270
67,9800	0,0080
68,0400	0,0258
68,1000	0,0220
68,1600	0,0080
68,2200	0,0296
68,2800	0,0220
68,3400	0,0245
68,4000	0,0131
68,4600	0,0118
68,5200	0,0067
68,5800	0,0029
68,6400	0,0143
68,7000	0,0181
68,7600	0,0067
68,8200	0,0042
68,8800	0,0232
68,9400	0,0143
69,0000	0,0232
69,0600	0,0080
69,1200	0,0118
69,1800	0,0131
69,2400	0,0194
69,3000	0,0181
69,3600	0,0270
69,4200	0,0105
69,4800	0,0054
69,5400	0,0296
69,6000	0,0181
69,6600	0,0118
69,7200	0,0118
69,7800	0,0207
69,8400	0,0092
69,9000	0,0181
69,9600	0,0131
70,0200	0,0207
70,0800	0,0181
70,1400	0,0042
70,2000	0,0118
70,2600	0,0283
70,3200	0,0156
70,3800	0,0042
70,4400	0,0270
70,5000	0,0156
70,5600	0,0080
70,6200	0,0270
70,6800	0,0181
70,7400	0,0194
70,8000	0,0245
70,8600	0,0131
70,9200	0,0143
70,9800	0,0118
71,0400	0,0258
71,1000	0,0283
71,1600	0,0169
71,2200	0,0067
71,2800	0,0105
71,3400	0,0080
71,4000	0,0334
71,4600	0,0181
71,5200	0,0258
71,5800	0,0232
71,6400	0,0092
71,7000	0,0194
71,7600	0,0080
71,8200	0,0143
71,8800	0,0054
71,9400	0,0207
72,0000	0,0207
72,0600	0,0118
72,1200	0,0194
72,1800	0,0156
72,2400	0,0042
72,3000	0,0156
72,3600	0,0143
72,4200	0,0245
72,4800	0,0156
72,5400	0,0270
72,6000	0,0156
72,6600	0,0143
72,7200	0,0220
72,7800	0,0270
72,8400	0,0156
72,9000	0,0181
72,9600	0,0131
73,0200	0,0118
73,0800	0,0181
73,1400	0,0169
73,2000	0,0105
73,2600	0,0131
73,3200	0,0181
73,3800	0,0220
73,4400	0,0232
73,5000	0,0258
73,5600	0,0181
73,6200	0,0220
73,6800	0,0245
73,7400	0,0080
73,8000	0,0194
73,8600	0,0169
73,9200	0,0169
73,9800	0,0207
74,0400	0,0245
74,1000	0,0131
74,1600	0,0169
74,2200	0,0080
74,2800	0,0245
74,3400	0,0131
74,4000	0,0220
74,4600	0,0131
74,5200	0,0156
74,5800	0,0054
74,6400	0,0283
74,7000	0,0258
74,7600	0,0118
74,8200	0,0143
74,8800	0,0258
74,9400	0,0245
75,0000	0,0258
75,0600	0,0232
75,1200	0,0169
75,1800	0,0245
75,2400	0,0143
75,3000	0,0296
75,3600	0,0067
75,4200	0,0105
75,4800	0,0245
75,5400	0,0118
75,6000	0,0245
75,6600	0,0169
75,7200	0,0220
75,7800	0,0042
75,8400	0,0283
75,9000	0,0207
75,9600	0,0258
76,0200	0,0118
76,0800	0,0131
76,1400	0,0194
76,2000	0,0169
76,2600	0,0309
76,3200	0,0194
76,3800	0,0118
76,4400	0,0131
76,5000	0,0169
76,5600	0,0131
76,6200	0,0270
76,6800	0,0296
76,7400	0,0029
76,8000	0,0321
76,8600	0,0042
76,9200	0,0067
76,9800	0,0042
77,0400	0,0143
77,1000	0,0245
77,1600	0,0258
77,2200	0,0131
77,2800	0,0296
77,3400	0,0232
77,4000	0,0194
77,4600	0,0156
77,5200	0,0283
77,5800	0,0194
77,6400	0,0207
77,7000	0,0194
77,7600	0,0131
77,8200	0,0156
77,8800	0,0169
77,9400	0,0232
78,0000	0,0092
78,0600	0,0334
78,1200	0,0181
78,1800	0,0169
78,2400	0,0131
78,3000	0,0245
78,3600	0,0220
78,4200	0,0131
78,4800	0,0143
78,5400	0,0232
78,6000	0,0080
78,6600	0,0194
78,7200	0,0092
78,7800	0,0105
78,8400	0,0232
78,9000	0,0207
78,9600	0,0207
79,0200	0,0258
79,0800	0,0207
79,1400	0,0245
79,2000	0,0321
79,2600	0,0296
79,3200	0,0156
79,3800	0,0220
79,4400	0,0131
79,5000	0,0220
79,5600	0,0207
79,6200	0,0258
79,6800	0,0181
79,7400	0,0181
79,8000	0,0207
79,8600	0,0105
79,9200	0,0283
79,9800	0,0207
80,0400	0,0232
80,1000	0,0194
80,1600	0,0359
80,2200	0,0270
80,2800	0,0169
80,3400	0,0207
80,4000	0,0169
80,4600	0,0092
80,5200	0,0258
80,5800	0,0207
80,6400	0,0042
80,7000	0,0067
80,7600	0,0143
80,8200	0,0359
80,8800	0,0131
80,9400	0,0296
81,0000	0,0309
81,0600	0,0169
81,1200	0,0054
81,1800	0,0118
81,2400	0,0156
81,3000	0,0092
81,3600	0,0156
81,4200	0,0270
81,4800	0,0245
81,5400	0,0118
81,6000	0,0309
81,6600	0,0143
81,7200	0,0105
81,7800	0,0258
81,8400	0,0258
81,9000	0,0194
81,9600	0,0232
82,0200	0,0283
82,0800	0,0169
82,1400	0,0232
82,2000	0,0283
82,2600	0,0131
82,3200	0,0143
82,3800	0,0169
82,4400	0,0207
82,5000	0,0092
82,5600	0,0080
82,6200	0,0105
82,6800	0,0258
82,7400	0,0296
82,8000	0,0207
82,8600	0,0334
82,9200	0,0296
82,9800	0,0309
83,0400	0,0105
83,1000	0,0131
83,1600	0,0118
83,2200	0,0220
83,2800	0,0207
83,3400	0,0054
83,4000	0,0258
83,4600	0,0105
83,5200	0,0258
83,5800	0,0042
83,6400	0,0169
83,7000	0,0245
83,7600	0,0092
83,8200	0,0270
83,8800	0,0270
83,9400	0,0207
84,0000	0,0258
84,0600	0,0258
84,1200	0,0092
84,1800	0,0016
84,2400	0,0054
84,3000	0,0092
84,3600	0,0194
84,4200	0,0220
84,4800	0,0156
84,5400	0,0181
84,6000	0,0181
84,6600	0,0309
84,7200	0,0359
84,7800	0,0118
84,8400	0,0131
84,9000	0,0156
84,9600	0,0156
85,0200	0,0194
85,0800	0,0245
85,1400	0,0181
85,2000	0,0194
85,2600	0,0067
85,3200	0,0143
85,3800	0,0181
85,4400	0,0131
85,5000	0,0181
85,5600	0,0092
85,6200	0,0220
85,6800	0,0156
85,7400	0,0181
85,8000	0,0232
85,8600	0,0321
85,9200	0,0092
85,9800	0,0270
86,0400	0,0067
86,1000	0,0207
86,1600	0,0067
86,2200	0,0194
86,2800	0,0296
86,3400	0,0207
86,4000	0,0232
86,4600	0,0321
86,5200	0,0143
86,5800	0,0270
86,6400	0,0232
86,7000	0,0258
86,7600	0,0245
86,8200	0,0092
86,8800	0,0169
86,9400	0,0270
87,0000	0,0270
87,0600	0,0232
87,1200	0,0156
87,1800	0,0220
87,2400	0,0156
87,3000	0,0143
87,3600	0,0156
87,4200	0,0258
87,4800	0,0270
87,5400	0,0181
87,6000	0,0131
87,6600	0,0131
87,7200	0,0131
87,7800	0,0359
87,8400	0,0054
87,9000	0,0092
87,9600	0,0245
88,0200	0,0181
88,0800	0,0143
88,1400	0,0080
88,2000	0,0169
88,2600	0,0105
88,3200	0,0105
88,3800	0,0245
88,4400	0,0131
88,5000	0,0207
88,5600	0,0194
88,6200	0,0156
88,6800	0,0080
88,7400	0,0232
88,8000	0,0207
88,8600	0,0156
88,9200	0,0283
88,9800	0,0169
89,0400	0,0207
89,1000	0,0194
89,1600	0,0054
89,2200	0,0220
89,2800	0,0156
89,3400	0,0309
89,4000	0,0194
89,4600	0,0169
89,5200	0,0232
89,5800	0,0156
89,6400	0,0067
89,7000	0,0232
89,7600	0,0105
89,8200	0,0232
89,8800	0,0143
89,9400	0,0118
90,0000	0,0283
90,0600	0,0054
90,1200	0,0131
90,1800	0,0270
90,2400	0,0131
90,3000	0,0169
90,3600	0,0207
90,4200	0,0118
90,4800	0,0296
90,5400	0,0296
90,6000	0,0181
90,6600	0,0143
90,7200	0,0181
90,7800	0,0105
90,8400	0,0156
90,9000	0,0131
90,9600	0,0245
91,0200	0,0143
91,0800	0,0105
91,1400	0,0156
91,2000	0,0118
91,2600	0,0181
91,3200	0,0131
91,3800	0,0029
91,4400	0,0080
91,5000	0,0054
91,5600	0,0258
91,6200	0,0194
91,6800	0,0270
91,7400	0,0143
91,8000	0,0296
91,8600	0,0181
91,9200	0,0143
91,9800	0,0143
92,0400	0,0156
92,1000	0,0372
92,1600	0,0131
92,2200	0,0105
92,2800	0,0181
92,3400	0,0118
92,4000	0,0194
92,4600	0,0309
92,5200	0,0181
92,5800	0,0194
92,6400	0,0258
92,7000	0,0080
92,7600	0,0220
92,8200	0,0207
92,8800	0,0207
92,9400	0,0169
93,0000	0,0220
93,0600	0,0334
93,1200	0,0118
93,1800	0,0220
93,2400	0,0067
93,3000	0,0296
93,3600	0,0092
93,4200	0,0029
93,4800	0,0118
93,5400	0,0105
93,6000	0,0359
93,6600	0,0181
93,7200	0,0245
93,7800	0,0092
93,8400	0,0270
93,9000	0,0156
93,9600	0,0194
94,0200	0,0207
94,0800	0,0156
94,1400	0,0092
94,2000	0,0143
94,2600	0,0131
94,3200	0,0118
94,3800	0,0143
94,4400	0,0169
94,5000	0,0054
94,5600	0,0245
94,6200	0,0080
94,6800	0,0181
94,7400	0,0181
94,8000	0,0321
94,8600	0,0105
94,9200	0,0181
94,9800	0,0283
95,0400	0,0207
95,1000	0,0232
95,1600	0,0080
95,2200	0,0169
95,2800	0,0105
95,3400	0,0181
95,4000	0,0105
95,4600	0,0220
95,5200	0,0270
95,5800	0,0181
95,6400	0,0194
95,7000	0,0156
95,7600	0,0296
95,8200	0,0131
95,8800	0,0169
95,9400	0,0309
96,0000	0,0131
96,0600	0,0143
96,1200	0,0207
96,1800	0,0220
96,2400	0,0131
96,3000	0,0194
96,3600	0,0156
96,4200	0,0270
96,4800	0,0270
96,5400	0,0258
96,6000	0,0232
96,6600	0,0258
96,7200	0,0181
96,7800	0,0042
96,8400	0,0207
96,9000	0,0118
96,9600	0,0220
97,0200	0,0131
97,0800	0,0232
97,1400	0,0067
97,2000	0,0245
97,2600	0,0258
97,3200	0,0258
97,3800	0,0270
97,4400	0,0207
97,5000	0,0105
97,5600	0,0105
97,6200	0,0118
97,6800	0,0131
97,7400	0,0220
97,8000	0,0283
97,8600	0,0105
97,9200	0,0232
97,9800	0,0143
98,0400	0,0118
98,1000	0,0258
98,1600	0,0283
98,2200	0,0118
98,2800	0,0156
98,3400	0,0181
98,4000	0,0169
98,4600	0,0092
98,5200	0,0283
98,5800	0,0232
98,6400	0,0194
98,7000	0,0270
98,7600	0,0105
98,8200	0,0131
98,8800	0,0169
98,9400	0,0143
99,0000	0,0309
99,0600	0,0181
99,1200	0,0245
99,1800	0,0105
99,2400	0,0270
99,3000	0,0220
99,3600	0,0080
99,4200	0,0207
99,4800	0,0232
99,5400	0,0220
99,6000	0,0270
99,6600	0,0156
99,7200	0,0321
99,7800	0,0194
99,8400	0,0080
99,9000	0,0080
99,9600	0,0207
100,0200	0,0092
100,0800	0,0321
100,1400	0,0181
100,2000	0,0181
100,2600	0,0105
100,3200	0,0270
100,3800	0,0143
100,4400	0,0232
100,5000	0,0181
100,5600	0,0220
100,6200	0,0029
100,6800	0,0092
100,7400	0,0181
100,8000	0,0029
100,8600	0,0207
100,9200	0,0181
100,9800	0,0232
101,0400	0,0220
101,1000	0,0258
101,1600	0,0270
101,2200	0,0194
101,2800	0,0029
101,3400	0,0169
101,4000	0,0258
101,4600	0,0207
101,5200	0,0321
101,5800	0,0296
101,6400	0,0220
101,7000	0,0334
101,7600	0,0270
101,8200	0,0220
101,8800	0,0105
101,9400	0,0270
102,0000	0,0220
102,0600	0,0232
102,1200	0,0334
102,1800	0,0092
102,2400	0,0232
102,3000	0,0143
102,3600	0,0220
102,4200	0,0372
102,4800	0,0194
102,5400	0,0169
102,6000	0,0309
102,6600	0,0232
102,7200	0,0245
102,7800	0,0105
102,8400	0,0245
102,9000	0,0143
102,9600	0,0245
103,0200	0,0220
103,0800	0,0245
103,1400	0,0321
103,2000	0,0156
103,2600	0,0232
103,3200	0,0207
103,3800	0,0207
103,4400	0,0194
103,5000	0,0131
103,5600	0,0270
103,6200	0,0169
103,6800	0,0245
103,7400	0,0105
103,8000	0,0220
103,8600	0,0143
103,9200	0,0283
103,9800	0,0169
104,0400	0,0309
104,1000	0,0181
104,1600	0,0461
104,2200	0,0131
104,2800	0,0245
104,3400	0,0080
104,4000	0,0245
104,4600	0,0347
104,5200	0,0245
104,5800	0,0207
104,6400	0,0181
104,7000	0,0220
104,7600	0,0283
104,8200	0,0283
104,8800	0,0156
104,9400	0,0245
105,0000	0,0169
105,0600	0,0283
105,1200	0,0359
105,1800	0,0169
105,2400	0,0143
105,3000	0,0181
105,3600	0,0245
105,4200	0,0258
105,4800	0,0296
105,5400	0,0207
105,6000	0,0321
105,6600	0,0131
105,7200	0,0169
105,7800	0,0143
105,8400	0,0156
105,9000	0,0118
105,9600	0,0347
106,0200	0,0143
106,0800	0,0207
106,1400	0,0270
106,2000	0,0181
106,2600	0,0283
106,3200	0,0194
106,3800	0,0207
106,4400	0,0143
106,5000	0,0359
106,5600	0,0334
106,6200	0,0181
106,6800	0,0105
106,7400	0,0220
106,8000	0,0245
106,8600	0,0232
106,9200	0,0169
106,9800	0,0169
107,0400	0,0181
107,1000	0,0181
107,1600	0,0232
107,2200	0,0156
107,2800	0,0220
107,3400	0,0283
107,4000	0,0232
107,4600	0,0131
107,5200	0,0207
107,5800	0,0270
107,6400	0,0232
107,7000	0,0194
107,7600	0,0334
107,8200	0,0156
107,8800	0,0232
107,9400	0,0169
108,0000	0,0156
108,0600	0,0207
108,1200	0,0194
108,1800	0,0169
108,2400	0,0131
108,3000	0,0283
108,3600	0,0054
108,4200	0,0156
108,4800	0,0169
108,5400	0,0156
108,6000	0,0156
108,6600	0,0232
108,7200	0,0207
108,7800	0,0131
108,8400	0,0156
108,9000	0,0258
108,9600	0,0258
109,0200	0,0105
109,0800	0,0105
109,1400	0,0016
109,2000	0,0232
109,2600	0,0232
109,3200	0,0207
109,3800	0,0270
109,4400	0,0321
109,5000	0,0207
109,5600	0,0309
109,6200	0,0092
109,6800	0,0245
109,7400	0,0207
109,8000	0,0143
109,8600	0,0194
109,9200	0,0143
109,9800	0,0080
110,0400	0,0220
110,1000	0,0105
110,1600	0,0080
110,2200	0,0181
110,2800	0,0143
110,3400	0,0258
110,4000	0,0220
110,4600	0,0105
110,5200	0,0220
110,5800	0,0118
110,6400	0,0232
110,7000	0,0207
110,7600	0,0067
110,8200	0,0156
110,8800	0,0232
110,9400	0,0143
111,0000	0,0258
111,0600	0,0181
111,1200	0,0169
111,1800	0,0105
111,2400	0,0207
111,3000	0,0372
111,3600	0,0118
111,4200	0,0296
111,4800	0,0181
111,5400	0,0207
111,6000	0,0143
111,6600	0,0181
111,7200	0,0309
111,7800	0,0169
111,8400	0,0156
111,9000	0,0321
111,9600	0,0181
112,0200	0,0194
112,0800	0,0181
112,1400	0,0232
112,2000	0,0169
112,2600	0,0372
112,3200	0,0181
112,3800	0,0131
112,4400	0,0194
112,5000	0,0270
112,5600	0,0309
112,6200	0,0194
112,6800	0,0169
112,7400	0,0207
112,8000	0,0347
112,8600	0,0232
112,9200	0,0220
112,9800	0,0207
113,0400	0,0270
113,1000	0,0092
113,1600	0,0283
113,2200	0,0258
113,2800	0,0283
113,3400	0,0143
113,4000	0,0169
113,4600	0,0105
113,5200	0,0372
113,5800	0,0080
113,6400	0,0232
113,7000	0,0207
113,7600	0,0245
113,8200	0,0207
113,8800	0,0194
113,9400	0,0105
114,0000	0,0245
114,0600	0,0156
114,1200	0,0321
114,1800	0,0220
114,2400	0,0321
114,3000	0,0194
114,3600	0,0054
114,4200	0,0207
114,4800	0,0283
114,5400	0,0232
114,6000	0,0270
114,6600	0,0054
114,7200	0,0372
114,7800	0,0169
114,8400	0,0207
114,9000	0,0258
114,9600	0,0207
115,0200	0,0283
115,0800	0,0220
115,1400	0,0258
115,2000	0,0143
115,2600	0,0232
115,3200	0,0092
115,3800	0,0042
115,4400	0,0283
115,5000	0,0194
115,5600	0,0207
115,6200	0,0283
115,6800	0,0105
115,7400	0,0169
115,8000	0,0067
115,8600	0,0359
115,9200	0,0105
115,9800	0,0296
116,0400	0,0194
116,1000	0,0258
116,1600	0,0194
116,2200	0,0220
116,2800	0,0169
116,3400	0,0321
116,4000	0,0258
116,4600	0,0194
116,5200	0,0194
116,5800	0,0270
116,6400	0,0156
116,7000	0,0245
116,7600	0,0105
116,8200	0,0181
116,8800	0,0270
116,9400	0,0283
117,0000	0,0296
117,0600	0,0131
117,1200	0,0156
117,1800	0,0105
117,2400	0,0169
117,3000	0,0372
117,3600	0,0156
117,4200	0,0194
117,4800	0,0232
117,5400	0,0169
117,6000	0,0156
117,6600	0,0296
117,7200	0,0131
117,7800	0,0309
117,8400	0,0080
117,9000	0,0220
117,9600	0,0080
118,0200	0,0194
118,0800	0,0270
118,1400	0,0156
118,2000	0,0105
118,2600	0,0080
118,3200	0,0232
118,3800	0,0131
118,4400	0,0270
118,5000	0,0067
118,5600	0,0092
118,6200	0,0054
118,6800	0,0156
118,7400	0,0245
118,8000	0,0258
118,8600	0,0309
118,9200	0,0207
118,9800	0,0207
119,0400	0,0283
119,1000	0,0131
119,1600	0,0169
119,2200	0,0067
119,2800	0,0270
119,3400	0,0220
119,4000	0,0092
119,4600	0,0169
119,5200	0,0220
119,5800	0,0080
119,6400	0,0194
119,7000	0,0105
119,7600	0,0181
119,8200	0,0194
119,8800	0,0156
119,9400	0,0359
120,0000	0,0054
120,0600	0,0207
120,1200	0,0245
120,1800	0,0207
120,2400	0,0258
120,3000	0,0169
120,3600	0,0181
120,4200	0,0232
120,4800	0,0220
120,5400	0,0283
120,6000	0,0156
120,6600	0,0181
120,7200	0,0054
120,7800	0,0092
120,8400	0,0207
120,9000	0,0245
120,9600	0,0220
121,0200	0,0232
121,0800	0,0067
121,1400	0,0143
121,2000	0,0169
121,2600	0,0156
121,3200	0,0118
121,3800	0,0283
121,4400	0,0258
121,5000	0,0156
121,5600	0,0105
121,6200	0,0169
121,6800	0,0118
121,7400	0,0207
121,8000	0,0220
121,8600	0,0283
121,9200	0,0270
121,9800	0,0258
122,0400	0,0181
122,1000	0,0232
122,1600	0,0207
122,2200	0,0283
122,2800	0,0258
122,3400	0,0194
122,4000	0,0207
122,4600	0,0181
122,5200	0,0169
122,5800	0,0143
122,6400	0,0181
122,7000	0,0321
122,7600	0,0283
122,8200	0,0258
122,8800	0,0334
122,9400	0,0232
123,0000	0,0143
123,0600	0,0334
123,1200	0,0321
123,1800	0,0207
123,2400	0,0092
123,3000	0,0156
123,3600	0,0156
123,4200	0,0194
123,4800	0,0207
123,5400	0,0245
123,6000	0,0067
123,6600	0,0169
123,7200	0,0258
123,7800	0,0283
123,8400	0,0245
123,9000	0,0258
123,9600	0,0207
124,0200	0,0169
124,0800	0,0131
124,1400	0,0220
124,2000	0,0169
124,2600	0,0270
124,3200	0,0156
124,3800	0,0220
124,4400	0,0232
124,5000	0,0118
124,5600	0,0321
124,6200	0,0207
124,6800	0,0067
124,7400	0,0169
124,8000	0,0283
124,8600	0,0042
124,9200	0,0207
124,9800	0,0296
125,0400	0,0359
125,1000	0,0029
125,1600	0,0283
125,2200	0,0270
125,2800	0,0143
125,3400	0,0283
125,4000	0,0258
125,4600	0,0118
125,5200	0,0207
125,5800	0,0245
125,6400	0,0143
125,7000	0,0309
125,7600	0,0245
125,8200	-0,0009
125,8800	0,0207
125,9400	0,0220
126,0000	0,0258
126,0600	0,0169
126,1200	0,0131
126,1800	0,0080
126,2400	0,0232
126,3000	0,0105
126,3600	0,0194
126,4200	0,0245
126,4800	0,0258
126,5400	0,0169
126,6000	0,0181
126,6600	0,0169
126,7200	0,0105
126,7800	0,0194
126,8400	0,0220
126,9000	0,0092
126,9600	0,0143
127,0200	0,0270
127,0800	0,0220
127,1400	0,0309
127,2000	0,0169
127,2600	0,0169
127,3200	0,0207
127,3800	0,0181
127,4400	0,0181
127,5000	0,0181
127,5600	0,0283
127,6200	0,0245
127,6800	0,0309
127,7400	0,0143
127,8000	0,0321
127,8600	0,0131
127,9200	0,0270
127,9800	0,0245
128,0400	0,0156
128,1000	0,0359
128,1600	0,0207
128,2200	0,0118
128,2800	0,0143
128,3400	0,0283
128,4000	0,0245
128,4600	0,0245
128,5200	0,0321
128,5800	0,0194
128,6400	0,0220
128,7000	0,0105
128,7600	0,0309
128,8200	0,0181
128,8800	0,0092
128,9400	0,0156
129,0000	0,0258
129,0600	0,0309
129,1200	0,0207
129,1800	0,0220
129,2400	0,0309
129,3000	0,0220
129,3600	0,0296
129,4200	0,0347
129,4800	0,0270
129,5400	0,0169
129,6000	0,0143
129,6600	0,0423
129,7200	0,0232
129,7800	0,0156
129,8400	0,0080
129,9000	0,0169
129,9600	0,0194
130,0200	0,0194
130,0800	0,0194
130,1400	0,0181
130,2000	0,0258
130,2600	0,0181
130,3200	0,0321
130,3800	0,0270
130,4400	0,0207
130,5000	0,0156
130,5600	0,0207
130,6200	0,0359
130,6800	0,0194
130,7400	0,0296
130,8000	0,0143
130,8600	0,0181
130,9200	0,0080
130,9800	0,0207
131,0400	0,0245
131,1000	0,0181
131,1600	0,0156
131,2200	0,0245
131,2800	0,0309
131,3400	0,0283
131,4000	0,0232
131,4600	0,0207
131,5200	0,0359
131,5800	0,0372
131,6400	0,0131
131,7000	0,0270
131,7600	0,0181
131,8200	0,0347
131,8800	0,0270
131,9400	0,0194
132,0000	0,0169
132,0600	0,0131
132,1200	0,0220
132,1800	0,0245
132,2400	0,0398
132,3000	0,0169
132,3600	0,0245
132,4200	0,0207
132,4800	0,0270
132,5400	0,0131
132,6000	0,0118
132,6600	0,0296
132,7200	0,0245
132,7800	0,0270
132,8400	0,0181
132,9000	0,0194
132,9600	0,0296
133,0200	0,0207
133,0800	0,0283
133,1400	0,0131
133,2000	0,0220
133,2600	0,0372
133,3200	0,0042
133,3800	0,0232
133,4400	0,0258
133,5000	0,0296
133,5600	0,0118
133,6200	0,0296
133,6800	0,0207
133,7400	0,0220
133,8000	0,0207
133,8600	0,0283
133,9200	0,0334
133,9800	0,0143
134,0400	0,0283
134,1000	0,0169
134,1600	0,0169
134,2200	0,0232
134,2800	0,0207
134,3400	0,0220
134,4000	0,0194
134,4600	0,0232
134,5200	0,0232
134,5800	0,0296
134,6400	0,0232
134,7000	0,0245
134,7600	0,0321
134,8200	0,0156
134,8800	0,0232
134,9400	0,0181
135,0000	0,0283
135,0600	0,0283
135,1200	0,0296
135,1800	0,0258
135,2400	0,0194
135,3000	0,0207
135,3600	0,0258
135,4200	0,0321
135,4800	0,0334
135,5400	0,0359
135,6000	0,0207
135,6600	0,0334
135,7200	0,0181
135,7800	0,0092
135,8400	0,0270
135,9000	0,0220
135,9600	0,0270
136,0200	0,0220
136,0800	0,0194
136,1400	0,0169
136,2000	0,0156
136,2600	0,0118
136,3200	0,0207
136,3800	0,0258
136,4400	0,0385
136,5000	0,0169
136,5600	0,0347
136,6200	0,0283
136,6800	0,0270
136,7400	0,0207
136,8000	0,0372
136,8600	0,0347
136,9200	0,0309
136,9800	0,0258
137,0400	0,0270
137,1000	0,0105
137,1600	0,0245
137,2200	0,0334
137,2800	0,0258
137,3400	0,0309
137,4000	0,0105
137,4600	0,0270
137,5200	0,0131
137,5800	0,0156
137,6400	0,0258
137,7000	0,0334
137,7600	0,0245
137,8200	0,0181
137,8800	0,0194
137,9400	0,0207
138,0000	0,0143
138,0600	0,0207
138,1200	0,0118
138,1800	0,0270
138,2400	0,0283
138,3000	0,0143
138,3600	0,0207
138,4200	0,0194
138,4800	0,0169
138,5400	0,0207
138,6000	0,0118
138,6600	0,0169
138,7200	0,0169
138,7800	0,0181
138,8400	0,0118
138,9000	0,0296
138,9600	0,0410
139,0200	0,0258
139,0800	0,0131
139,1400	0,0359
139,2000	0,0258
139,2600	0,0194
139,3200	0,0258
139,3800	0,0232
139,4400	0,0143
139,5000	0,0258
139,5600	0,0220
139,6200	0,0105
139,6800	0,0181
139,7400	0,0220
139,8000	0,0207
139,8600	0,0194
139,9200	0,0258
139,9800	0,0283
140,0400	0,0232
140,1000	0,0207
140,1600	0,0258
140,2200	0,0207
140,2800	0,0143
140,3400	0,0296
140,4000	0,0207
140,4600	0,0131
140,5200	0,0080
140,5800	0,0270
140,6400	0,0309
140,7000	0,0309
140,7600	0,0270
140,8200	0,0232
140,8800	0,0321
140,9400	0,0067
141,0000	0,0258
141,0600	0,0232
141,1200	0,0334
141,1800	0,0270
141,2400	0,0131
141,3000	0,0169
141,3600	0,0270
141,4200	0,0283
141,4800	0,0321
141,5400	0,0131
141,6000	0,0309
141,6600	0,0436
141,7200	0,0258
141,7800	0,0283
141,8400	0,0347
141,9000	0,0283
141,9600	0,0283
142,0200	0,0194
142,0800	0,0270
142,1400	0,0258
142,2000	0,0181
142,2600	0,0181
142,3200	0,0245
142,3800	0,0283
142,4400	0,0296
142,5000	0,0194
142,5600	0,0283
142,6200	0,0270
142,6800	0,0347
142,7400	0,0321
142,8000	0,0270
142,8600	0,0398
142,9200	0,0372
142,9800	0,0181
143,0400	0,0347
143,1000	0,0232
143,1600	0,0309
143,2200	0,0232
143,2800	0,0334
143,3400	0,0334
143,4000	0,0207
143,4600	0,0423
143,5200	0,0131
143,5800	0,0347
143,6400	0,0194
143,7000	0,0181
143,7600	0,0067
143,8200	0,0283
143,8800	0,0156
143,9400	0,0194
144,0000	0,0092
144,0600	0,0232
144,1200	0,0359
144,1800	0,0296
144,2400	0,0270
144,3000	0,0194
144,3600	0,0181
144,4200	0,0105
144,4800	0,0258
144,5400	0,0080
144,6000	0,0296
144,6600	0,0347
144,7200	0,0156
144,7800	0,0309
144,8400	0,0131
144,9000	0,0143
144,9600	0,0347
145,0200	0,0080
145,0800	0,0207
145,1400	0,0194
145,2000	0,0232
145,2600	0,0283
145,3200	0,0105
145,3800	0,0118
145,4400	0,0245
145,5000	0,0296
145,5600	0,0283
145,6200	0,0258
145,6800	0,0372
145,7400	0,0309
145,8000	0,0270
145,8600	0,0296
145,9200	0,0232
145,9800	0,0220
146,0400	0,0334
146,1000	0,0131
146,1600	0,0321
146,2200	0,0270
146,2800	0,0181
146,3400	0,0258
146,4000	0,0220
146,4600	0,0131
146,5200	0,0080
146,5800	0,0359
146,6400	0,0207
146,7000	0,0143
146,7600	0,0321
146,8200	0,0143
146,8800	0,0118
146,9400	0,0156
147,0000	0,0220
147,0600	0,0220
147,1200	0,0309
147,1800	0,0258
147,2400	0,0143
147,3000	0,0283
147,3600	0,0105
147,4200	0,0232
147,4800	0,0220
147,5400	0,0194
147,6000	0,0321
147,6600	0,0105
147,7200	0,0245
147,7800	0,0258
147,8400	0,0080
147,9000	0,0118
147,9600	0,0220
148,0200	0,0143
148,0800	0,0296
148,1400	0,0232
148,2000	0,0207
148,2600	0,0283
148,3200	0,0232
148,3800	0,0245
148,4400	0,0270
148,5000	0,0283
148,5600	0,0309
148,6200	0,0232
148,6800	0,0156
148,7400	0,0359
148,8000	0,0245
148,8600	0,0309
148,9200	0,0372
148,9800	0,0283
149,0400	0,0194
149,1000	0,0258
149,1600	0,0131
149,2200	0,0156
149,2800	0,0143
149,3400	0,0296
149,4000	0,0220
149,4600	0,0296
149,5200	0,0156
149,5800	0,0156
149,6400	0,0321
149,7000	0,0181
149,7600	0,0207
149,8200	0,0080
149,8800	0,0131
149,9400	0,0309
150,0000	0,0194
150,0600	0,0181
150,1200	0,0080
150,1800	0,0258
150,2400	0,0309
150,3000	0,0220
150,3600	0,0232
150,4200	0,0359
150,4800	0,0131
150,5400	0,0169
150,6000	0,0410
150,6600	0,0258
150,7200	0,0220
150,7800	0,0092
150,8400	0,0220
150,9000	0,0131
150,9600	0,0220
151,0200	0,0321
151,0800	0,0309
151,1400	0,0207
151,2000	0,0359
151,2600	0,0232
151,3200	0,0258
151,3800	0,0232
151,4400	0,0258
151,5000	0,0270
151,5600	0,0118
151,6200	0,0080
151,6800	0,0156
151,7400	0,0372
151,8000	0,0258
151,8600	0,0258
151,9200	0,0270
151,9800	0,0309
152,0400	0,0283
152,1000	0,0143
152,1600	0,0245
152,2200	0,0359
152,2800	0,0080
152,3400	0,0283
152,4000	0,0283
152,4600	0,0334
152,5200	0,0042
152,5800	0,0207
152,6400	0,0258
152,7000	0,0270
152,7600	0,0270
152,8200	0,0054
152,8800	0,0296
152,9400	0,0169
153,0000	0,0270
153,0600	0,0118
153,1200	0,0270
153,1800	0,0169
153,2400	0,0270
153,3000	0,0220
153,3600	0,0143
153,4200	0,0258
153,4800	0,0283
153,5400	0,0131
153,6000	0,0156
153,6600	0,0359
153,7200	0,0092
153,7800	0,0334
153,8400	0,0156
153,9000	0,0207
153,9600	0,0220
154,0200	0,0181
154,0800	0,0169
154,1400	0,0245
154,2000	0,0245
154,2600	0,0169
154,3200	0,0258
154,3800	0,0143
154,4400	0,0283
154,5000	0,0283
154,5600	0,0347
154,6200	0,0270
154,6800	0,0169
154,7400	0,0258
154,8000	0,0169
154,8600	0,0181
154,9200	0,0232
154,9800	0,0143
155,0400	0,0258
155,1000	0,0270
155,1600	0,0169
155,2200	0,0245
155,2800	0,0359
155,3400	0,0207
155,4000	0,0309
155,4600	0,0232
155,5200	0,0054
155,5800	0,0220
155,6400	0,0270
155,7000	0,0220
155,7600	0,0181
155,8200	0,0118
155,8800	0,0258
155,9400	0,0156
156,0000	0,0334
156,0600	0,0181
156,1200	0,0194
156,1800	0,0436
156,2400	0,0232
156,3000	0,0258
156,3600	0,0105
156,4200	0,0398
156,4800	0,0296
156,5400	0,0232
156,6000	0,0270
156,6600	0,0232
156,7200	0,0118
156,7800	0,0359
156,8400	0,0232
156,9000	0,0207
156,9600	0,0296
157,0200	0,0309
157,0800	0,0194
157,1400	0,0232
157,2000	0,0296
157,2600	0,0156
157,3200	0,0372
157,3800	0,0347
157,4400	0,0321
157,5000	0,0232
157,5600	0,0181
157,6200	0,0232
157,6800	0,0118
157,7400	0,0372
157,8000	0,0207
157,8600	0,0207
157,9200	0,0156
157,9800	0,0194
158,0400	0,0359
158,1000	0,0258
158,1600	0,0321
158,2200	0,0245
158,2800	0,0258
158,3400	0,0232
158,4000	0,0194
158,4600	0,0220
158,5200	0,0296
158,5800	0,0194
158,6400	0,0169
158,7000	0,0270
158,7600	0,0283
158,8200	0,0245
158,8800	0,0283
158,9400	0,0334
159,0000	0,0309
159,0600	0,0156
159,1200	0,0258
159,1800	0,0245
159,2400	0,0220
159,3000	0,0232
159,3600	0,0245
159,4200	0,0410
159,4800	0,0131
159,5400	0,0181
159,6000	0,0169
159,6600	0,0194
159,7200	0,0143
159,7800	0,0092
159,8400	0,0092
159,9000	0,0169
159,9600	0,0220
160,0200	0,0270
160,0800	0,0270
160,1400	0,0232
160,2000	0,0321
160,2600	0,0258
160,3200	0,0092
160,3800	0,0347
160,4400	0,0232
160,5000	0,0270
160,5600	0,0105
160,6200	0,0118
160,6800	0,0220
160,7400	0,0321
160,8000	0,0220
160,8600	0,0321
160,9200	0,0156
160,9800	0,0245
161,0400	0,0105
161,1000	0,0270
161,1600	0,0321
161,2200	0,0245
161,2800	0,0232
161,3400	0,0194
161,4000	0,0220
161,4600	0,0232
161,5200	0,0156
161,5800	0,0245
161,6400	0,0270
161,7000	0,0169
161,7600	0,0181
161,8200	0,0270
161,8800	0,0270
161,9400	0,0309
162,0000	0,0181
162,0600	0,0245
162,1200	0,0156
162,1800	0,0181
162,2400	0,0245
162,3000	0,0232
162,3600	0,0296
162,4200	0,0169
162,4800	0,0232
162,5400	0,0321
162,6000	0,0232
162,6600	0,0220
162,7200	0,0207
162,7800	0,0270
162,8400	0,0118
162,9000	0,0118
162,9600	0,0245
163,0200	0,0181
163,0800	0,0296
163,1400	0,0143
163,2000	0,0245
163,2600	0,0156
163,3200	0,0156
163,3800	0,0118
163,4400	0,0143
163,5000	0,0207
163,5600	0,0092
163,6200	0,0245
163,6800	0,0194
163,7400	0,0207
163,8000	0,0309
163,8600	0,0181
163,9200	0,0067
163,9800	0,0156
164,0400	0,0156
164,1000	0,0309
164,1600	0,0270
164,2200	0,0207
164,2800	0,0245
164,3400	0,0232
164,4000	0,0207
164,4600	0,0207
164,5200	0,0054
164,5800	0,0220
164,6400	0,0054
164,7000	0,0143
164,7600	0,0143
164,8200	0,0207
164,8800	0,0118
164,9400	0,0283
165,0000	0,0296
165,0600	0,0118
165,1200	0,0143
165,1800	0,0042
165,2400	0,0181
165,3000	0,0359
165,3600	0,0283
165,4200	0,0245
165,4800	0,0092
165,5400	0,0347
165,6000	0,0334
165,6600	0,0105
165,7200	0,0118
165,7800	0,0207
165,8400	0,0270
165,9000	0,0245
165,9600	0,0169
166,0200	0,0245
166,0800	0,0283
166,1400	0,0232
166,2000	0,0118
166,2600	0,0347
166,3200	0,0245
166,3800	0,0309
166,4400	0,0385
166,5000	0,0207
166,5600	0,0321
166,6200	0,0283
166,6800	0,0270
166,7400	0,0359
166,8000	0,0347
166,8600	0,0258
166,9200	0,0232
166,9800	0,0194
167,0400	0,0194
167,1000	0,0270
167,1600	0,0270
167,2200	0,0309
167,2800	0,0359
167,3400	0,0181
167,4000	0,0283
167,4600	0,0092
167,5200	0,0321
167,5800	0,0181
167,6400	0,0181
167,7000	0,0118
167,7600	0,0398
167,8200	0,0194
167,8800	0,0118
167,9400	0,0181
168,0000	0,0143
168,0600	0,0080
168,1200	0,0156
168,1800	0,0372
168,2400	0,0092
168,3000	0,0194
168,3600	0,0258
168,4200	0,0283
168,4800	0,0080
168,5400	0,0283
168,6000	0,0169
168,6600	0,0296
168,7200	0,0207
168,7800	0,0169
168,8400	0,0245
168,9000	0,0321
168,9600	0,0220
169,0200	0,0309
169,0800	0,0321
169,1400	0,0169
169,2000	0,0245
169,2600	0,0169
169,3200	0,0398
169,3800	0,0156
169,4400	0,0334
169,5000	0,0258
169,5600	0,0258
169,6200	0,0258
169,6800	0,0334
169,7400	0,0207
169,8000	0,0232
169,8600	0,0156
169,9200	0,0321
169,9800	0,0359
170,0400	0,0220
170,1000	0,0220
170,1600	0,0385
170,2200	0,0270
170,2800	0,0220
170,3400	0,0245
170,4000	0,0232
170,4600	0,0143
170,5200	0,0105
170,5800	0,0181
170,6400	0,0245
170,7000	0,0207
170,7600	0,0334
170,8200	0,0156
170,8800	0,0283
170,9400	0,0245
171,0000	0,0232
171,0600	0,0258
171,1200	0,0169
171,1800	0,0270
171,2400	0,0398
171,3000	0,0245
171,3600	0,0321
171,4200	0,0220
171,4800	0,0156
171,5400	0,0169
171,6000	0,0232
171,6600	0,0194
171,7200	0,0258
171,7800	0,0385
171,8400	0,0232
171,9000	0,0194
171,9600	0,0169
172,0200	0,0220
172,0800	0,0296
172,1400	0,0270
172,2000	0,0359
172,2600	0,0220
172,3200	0,0334
172,3800	0,0258
172,4400	0,0207
172,5000	0,0270
172,5600	0,0385
172,6200	0,0258
172,6800	0,0207
172,7400	0,0207
172,8000	0,0232
172,8600	0,0220
172,9200	0,0220
172,9800	0,0321
173,0400	0,0156
173,1000	0,0296
173,1600	0,0258
173,2200	0,0245
173,2800	0,0372
173,3400	0,0270
173,4000	0,0220
173,4600	0,0347
173,5200	0,0245
173,5800	0,0296
173,6400	0,0372
173,7000	0,0258
173,7600	0,0232
173,8200	0,0398
173,8800	0,0283
173,9400	0,0181
174,0000	0,0347
174,0600	0,0207
174,1200	0,0143
174,1800	0,0283
174,2400	0,0258
174,3000	0,0398
174,3600	0,0283
174,4200	0,0270
174,4800	0,0245
174,5400	0,0258
174,6000	0,0169
174,6600	0,0334
174,7200	0,0220
174,7800	0,0347
174,8400	0,0398
174,9000	0,0359
174,9600	0,0372
175,0200	0,0296
175,0800	0,0283
175,1400	0,0398
175,2000	0,0334
175,2600	0,0436
175,3200	0,0220
175,3800	0,0385
175,4400	0,0181
175,5000	0,0258
175,5600	0,0232
175,6200	0,0220
175,6800	0,0245
175,7400	0,0334
175,8000	0,0258
175,8600	0,0359
175,9200	0,0372
175,9800	0,0359
176,0400	0,0258
176,1000	0,0309
176,1600	0,0334
176,2200	0,0194
176,2800	0,0347
176,3400	0,0143
176,4000	0,0398
176,4600	0,0487
176,5200	0,0232
176,5800	0,0410
176,6400	0,0143
176,7000	0,0309
176,7600	0,0347
176,8200	0,0398
176,8800	0,0321
176,9400	0,0245
177,0000	0,0270
177,0600	0,0525
177,1200	0,0283
177,1800	0,0270
177,2400	0,0232
177,3000	0,0474
177,3600	0,0270
177,4200	0,0563
177,4800	0,0270
177,5400	0,0334
177,6000	0,0321
177,6600	0,0131
177,7200	0,0448
177,7800	0,0309
177,8400	0,0321
177,9000	0,0398
177,9600	0,0423
178,0200	0,0207
178,0800	0,0385
178,1400	0,0283
178,2000	0,0321
178,2600	0,0550
178,3200	0,0398
178,3800	0,0296
178,4400	0,0474
178,5000	0,0309
178,5600	0,0232
178,6200	0,0487
178,6800	0,0398
178,7400	0,0537
178,8000	0,0423
178,8600	0,0296
178,9200	0,0423
178,9800	0,0410
179,0400	0,0334
179,1000	0,0436
179,1600	0,0270
179,2200	0,0499
179,2800	0,0410
179,3400	0,0461
179,4000	0,0334
179,4600	0,0512
179,5200	0,0423
179,5800	0,0448
179,6400	0,0525
179,7000	0,0525
179,7600	0,0398
179,8200	0,0461
179,8800	0,0410
179,9400	0,0448
180,0000	0,0423
180,0600	0,0512
180,1200	0,0525
180,1800	0,0359
180,2400	0,0347
180,3000	0,0677
180,3600	0,0474
180,4200	0,0474
180,4800	0,0448
180,5400	0,0474
180,6000	0,0474
180,6600	0,0677
180,7200	0,0601
180,7800	0,0334
180,8400	0,0359
180,9000	0,0296
180,9600	0,0512
181,0200	0,0487
181,0800	0,0499
181,1400	0,0753
181,2000	0,0436
181,2600	0,0563
181,3200	0,0588
181,3800	0,0499
181,4400	0,0601
181,5000	0,0550
181,5600	0,0537
181,6200	0,0436
181,6800	0,0550
181,7400	0,0525
181,8000	0,0537
181,8600	0,0601
181,9200	0,0347
181,9800	0,0372
182,0400	0,0741
182,1000	0,0652
182,1600	0,0601
182,2200	0,0436
182,2800	0,0576
182,3400	0,0690
182,4000	0,0487
182,4600	0,0715
182,5200	0,0715
182,5800	0,0652
182,6400	0,0588
182,7000	0,0779
182,7600	0,0690
182,8200	0,0753
182,8800	0,0601
182,9400	0,0563
183,0000	0,0893
183,0600	0,0448
183,1200	0,0703
183,1800	0,0436
183,2400	0,0804
183,3000	0,0728
183,3600	0,0588
183,4200	0,0639
183,4800	0,0792
183,5400	0,0817
183,6000	0,0296
183,6600	0,0563
183,7200	0,0588
183,7800	0,0576
183,8400	0,0817
183,9000	0,0550
183,9600	0,0881
184,0200	0,0779
184,0800	0,0690
184,1400	0,0753
184,2000	0,0652
184,2600	0,0601
184,3200	0,1059
184,3800	0,0690
184,4400	0,0614
184,5000	0,0715
184,5600	0,0893
184,6200	0,0881
184,6800	0,0665
184,7400	0,0652
184,8000	0,0817
184,8600	0,0855
184,9200	0,0741
184,9800	0,0525
185,0400	0,0588
185,1000	0,0804
185,1600	0,0906
185,2200	0,0741
185,2800	0,0614
185,3400	0,0982
185,4000	0,0715
185,4600	0,0931
185,5200	0,0893
185,5800	0,0868
185,6400	0,0842
185,7000	0,0881
185,7600	0,1160
185,8200	0,0626
185,8800	0,0703
185,9400	0,0804
186,0000	0,0919
186,0600	0,1020
186,1200	0,0804
186,1800	0,0893
186,2400	0,0893
186,3000	0,0817
186,3600	0,0957
186,4200	0,0944
186,4800	0,1135
186,5400	0,0830
186,6000	0,1071
186,6600	0,0970
186,7200	0,0842
186,7800	0,1198
186,8400	0,1262
186,9000	0,0919
186,9600	0,1224
187,0200	0,0931
187,0800	0,1198
187,1400	0,0906
187,2000	0,0881
187,2600	0,0957
187,3200	0,1084
187,3800	0,1402
187,4400	0,0893
187,5000	0,0944
187,5600	0,1020
187,6200	0,1135
187,6800	0,1135
187,7400	0,1008
187,8000	0,1135
187,8600	0,1376
187,9200	0,1313
187,9800	0,1198
188,0400	0,1224
188,1000	0,1249
188,1600	0,1262
188,2200	0,1211
188,2800	0,1287
188,3400	0,1262
188,4000	0,1097
188,4600	0,1211
188,5200	0,1262
188,5800	0,1338
188,6400	0,1351
188,7000	0,1402
188,7600	0,1364
188,8200	0,1237
188,8800	0,1364
188,9400	0,1567
189,0000	0,1389
189,0600	0,1453
189,1200	0,1364
189,1800	0,1402
189,2400	0,1046
189,3000	0,1453
189,3600	0,1567
189,4200	0,1173
189,4800	0,1402
189,5400	0,1427
189,6000	0,1402
189,6600	0,1427
189,7200	0,1504
189,7800	0,1453
189,8400	0,1593
189,9000	0,1567
189,9600	0,1300
190,0200	0,1758
190,0800	0,1872
190,1400	0,1211
190,2000	0,1720
190,2600	0,1326
190,3200	0,1821
190,3800	0,1287
190,4400	0,1351
190,5000	0,1707
190,5600	0,1605
190,6200	0,1694
190,6800	0,1860
190,7400	0,1186
190,8000	0,1783
190,8600	0,2076
190,9200	0,1834
190,9800	0,1796
191,0400	0,1885
191,1000	0,1643
191,1600	0,2025
191,2200	0,1605
191,2800	0,1987
191,3400	0,1618
191,4000	0,1910
191,4600	0,2050
191,5200	0,1745
191,5800	0,1961
191,6400	0,1872
191,7000	0,2038
191,7600	0,1783
191,8200	0,1847
191,8800	0,1758
191,9400	0,1847
192,0000	0,2088
192,0600	0,2025
192,1200	0,1898
192,1800	0,2203
192,2400	0,1949
192,3000	0,1987
192,3600	0,2063
192,4200	0,1694
192,4800	0,2177
192,5400	0,2203
192,6000	0,2203
192,6600	0,1974
192,7200	0,1987
192,7800	0,2546
192,8400	0,1821
192,9000	0,1999
192,9600	0,1872
193,0200	0,2190
193,0800	0,2355
193,1400	0,2139
193,2000	0,2368
193,2600	0,2394
193,3200	0,2521
193,3800	0,2470
193,4400	0,2305
193,5000	0,1974
193,5600	0,2533
193,6200	0,2394
193,6800	0,2216
193,7400	0,2355
193,8000	0,2826
193,8600	0,1732
193,9200	0,2724
193,9800	0,2470
194,0400	0,2889
194,1000	0,2750
194,1600	0,2330
194,2200	0,2241
194,2800	0,2483
194,3400	0,2877
194,4000	0,2419
194,4600	0,2622
194,5200	0,2864
194,5800	0,2381
194,6400	0,2648
194,7000	0,2928
194,7600	0,2953
194,8200	0,2711
194,8800	0,2775
194,9400	0,2788
195,0000	0,2775
195,0600	0,3042
195,1200	0,2953
195,1800	0,2533
195,2400	0,3067
195,3000	0,2711
195,3600	0,3118
195,4200	0,2724
195,4800	0,2788
195,5400	0,3118
195,6000	0,3347
195,6600	0,2902
195,7200	0,3754
195,7800	0,3284
195,8400	0,3767
195,9000	0,3258
195,9600	0,2915
196,0200	0,3385
196,0800	0,3169
196,1400	0,3640
196,2000	0,3195
196,2600	0,3029
196,3200	0,3601
196,3800	0,3462
196,4400	0,3474
196,5000	0,3195
196,5600	0,2940
196,6200	0,3245
196,6800	0,3220
196,7400	0,3640
196,8000	0,2750
196,8600	0,3627
196,9200	0,3144
196,9800	0,3652
197,0400	0,3207
197,1000	0,3271
197,1600	0,3538
197,2200	0,4008
197,2800	0,3373
197,3400	0,3957
197,4000	0,3156
197,4600	0,3907
197,5200	0,3398
197,5800	0,3233
197,6400	0,3067
197,7000	0,4097
197,7600	0,3945
197,8200	0,3894
197,8800	0,3907
197,9400	0,3716
198,0000	0,4199
198,0600	0,4199
198,1200	0,4173
198,1800	0,4161
198,2400	0,4364
198,3000	0,3830
198,3600	0,4580
198,4200	0,4199
198,4800	0,4237
198,5400	0,4186
198,6000	0,4262
198,6600	0,4237
198,7200	0,4250
198,7800	0,4618
198,8400	0,5458
198,9000	0,4224
198,9600	0,4212
199,0200	0,4606
199,0800	0,4733
199,1400	0,3932
199,2000	0,4402
199,2600	0,4720
199,3200	0,5140
199,3800	0,4491
199,4400	0,4822
199,5000	0,4784
199,5600	0,5025
199,6200	0,4466
199,6800	0,4695
199,7400	0,5089
199,8000	0,4835
199,8600	0,4682
199,9200	0,5267
199,9800	0,4695
200,0400	0,4669
200,1000	0,5419
200,1600	0,5407
200,2200	0,4733
200,2800	0,5165
200,3400	0,5407
200,4000	0,4987
200,4600	0,4695
200,5200	0,5369
200,5800	0,4822
200,6400	0,5254
200,7000	0,4746
200,7600	0,5191
200,8200	0,4758
200,8800	0,5928
200,9400	0,5470
201,0000	0,4974
201,0600	0,5458
201,1200	0,5330
201,1800	0,5127
201,2400	0,6284
201,3000	0,5445
201,3600	0,5229
201,4200	0,5852
201,4800	0,5165
201,5400	0,5941
201,6000	0,5470
201,6600	0,5330
201,7200	0,5191
201,7800	0,5203
201,8400	0,5381
201,9000	0,6157
201,9600	0,5356
202,0200	0,4669
202,0800	0,4860
202,1400	0,5063
202,2000	0,5165
202,2600	0,5254
202,3200	0,4568
202,3800	0,4860
202,4400	0,4898
202,5000	0,5191
202,5600	0,5114
202,6200	0,5025
202,6800	0,5114
202,7400	0,5178
202,8000	0,4224
202,8600	0,4517
202,9200	0,5051
202,9800	0,4593
203,0400	0,4580
203,1000	0,4631
203,1600	0,3983
203,2200	0,4568
203,2800	0,4720
203,3400	0,4835
203,4000	0,4428
203,4600	0,3868
203,5200	0,4453
203,5800	0,4657
203,6400	0,4008
203,7000	0,4224
203,7600	0,3919
203,8200	0,4377
203,8800	0,4479
203,9400	0,4657
204,0000	0,4339
204,0600	0,4046
204,1200	0,4059
204,1800	0,4885
204,2400	0,3779
204,3000	0,4326
204,3600	0,4250
204,4200	0,3322
204,4800	0,4173
204,5400	0,3360
204,6000	0,3919
204,6600	0,4466
204,7200	0,4123
204,7800	0,3741
204,8400	0,3779
204,9000	0,3067
204,9600	0,3322
205,0200	0,3423
205,0800	0,3830
205,1400	0,3932
205,2000	0,3563
205,2600	0,3360
205,3200	0,3055
205,3800	0,3665
205,4400	0,3538
205,5000	0,3118
205,5600	0,3284
205,6200	0,3474
205,6800	0,2953
205,7400	0,3373
205,8000	0,3322
205,8600	0,3220
205,9200	0,2991
205,9800	0,3258
206,0400	0,3131
206,1000	0,2711
206,1600	0,3029
206,2200	0,2877
206,2800	0,2775
206,3400	0,3309
206,4000	0,3118
206,4600	0,3118
206,5200	0,2406
206,5800	0,2750
206,6400	0,2648
206,7000	0,2826
206,7600	0,2788
206,8200	0,2673
206,8800	0,2533
206,9400	0,2521
207,0000	0,2495
207,0600	0,2343
207,1200	0,2686
207,1800	0,2661
207,2400	0,2216
207,3000	0,2699
207,3600	0,2622
207,4200	0,2572
207,4800	0,2572
207,5400	0,2661
207,6000	0,2203
207,6600	0,2190
207,7200	0,2025
207,7800	0,1974
207,8400	0,2177
207,9000	0,2317
207,9600	0,2279
208,0200	0,2444
208,0800	0,2406
208,1400	0,1987
208,2000	0,2190
208,2600	0,2292
208,3200	0,2165
208,3800	0,2254
208,4400	0,1872
208,5000	0,1923
208,5600	0,1910
208,6200	0,2203
208,6800	0,2012
208,7400	0,1847
208,8000	0,2139
208,8600	0,1656
208,9200	0,2127
208,9800	0,1783
209,0400	0,1580
209,1000	0,2266
209,1600	0,1504
209,2200	0,1580
209,2800	0,2279
209,3400	0,1860
209,4000	0,1402
209,4600	0,1402
209,5200	0,1593
209,5800	0,1682
209,6400	0,1516
209,7000	0,1771
209,7600	0,1707
209,8200	0,1580
209,8800	0,1821
209,9400	0,1643
210,0000	0,1491
210,0600	0,1135
210,1200	0,1402
210,1800	0,1313
210,2400	0,1135
210,3000	0,1262
210,3600	0,1211
210,4200	0,1516
210,4800	0,1415
210,5400	0,1313
210,6000	0,1135
210,6600	0,1300
210,7200	0,1313
210,7800	0,0970
210,8400	0,0906
210,9000	0,1300
210,9600	0,1402
211,0200	0,1351
211,0800	0,1160
211,1400	0,1415
211,2000	0,1338
211,2600	0,1071
211,3200	0,1071
211,3800	0,1046
211,4400	0,1148
211,5000	0,1186
211,5600	0,0893
211,6200	0,1008
211,6800	0,0906
211,7400	0,0919
211,8000	0,0944
211,8600	0,1059
211,9200	0,1173
211,9800	0,0893
212,0400	0,1135
212,1000	0,0893
212,1600	0,0919
212,2200	0,0868
212,2800	0,0982
212,3400	0,0995
212,4000	0,0842
212,4600	0,0779
212,5200	0,0970
212,5800	0,1071
212,6400	0,1135
212,7000	0,0868
212,7600	0,0779
212,8200	0,1033
212,8800	0,0944
212,9400	0,0792
213,0000	0,0652
213,0600	0,0995
213,1200	0,1008
213,1800	0,0855
213,2400	0,0728
213,3000	0,0588
213,3600	0,0919
213,4200	0,0919
213,4800	0,0792
213,5400	0,0601
213,6000	0,0703
213,6600	0,0715
213,7200	0,0665
213,7800	0,0703
213,8400	0,0792
213,9000	0,0665
213,9600	0,0576
214,0200	0,0588
214,0800	0,0576
214,1400	0,0766
214,2000	0,0728
214,2600	0,0639
214,3200	0,0817
214,3800	0,0423
214,4400	0,0842
214,5000	0,0423
214,5600	0,0474
214,6200	0,0461
214,6800	0,0499
214,7400	0,0588
214,8000	0,0753
214,8600	0,0626
214,9200	0,0741
214,9800	0,0652
215,0400	0,0614
215,1000	0,0753
215,1600	0,0741
215,2200	0,0639
215,2800	0,0626
215,3400	0,0652
215,4000	0,0550
215,4600	0,0741
215,5200	0,0817
215,5800	0,0703
215,6400	0,0448
215,7000	0,0359
215,7600	0,0436
215,8200	0,0626
215,8800	0,0487
215,9400	0,0270
216,0000	0,0423
216,0600	0,0372
216,1200	0,0436
216,1800	0,0296
216,2400	0,0398
216,3000	0,0372
216,3600	0,0652
216,4200	0,0410
216,4800	0,0410
216,5400	0,0347
216,6000	0,0232
216,6600	0,0588
216,7200	0,0359
216,7800	0,0398
216,8400	0,0487
216,9000	0,0563
216,9600	0,0220
217,0200	0,0347
217,0800	0,0537
217,1400	0,0309
217,2000	0,0334
217,2600	0,0677
217,3200	0,0347
217,3800	0,0474
217,4400	0,0537
217,5000	0,0576
217,5600	0,0283
217,6200	0,0372
217,6800	0,0372
217,7400	0,0385
217,8000	0,0588
217,8600	0,0474
217,9200	0,0525
217,9800	0,0423
218,0400	0,0398
218,1000	0,0321
218,1600	0,0385
218,2200	0,0461
218,2800	0,0359
218,3400	0,0398
218,4000	0,0258
218,4600	0,0270
218,5200	0,0321
218,5800	0,0525
218,6400	0,0296
218,7000	0,0321
218,7600	0,0398
218,8200	0,0398
218,8800	0,0385
218,9400	0,0296
219,0000	0,0296
219,0600	0,0245
219,1200	0,0410
219,1800	0,0423
219,2400	0,0283
219,3000	0,0309
219,3600	0,0398
219,4200	0,0410
219,4800	0,0309
219,5400	0,0245
219,6000	0,0169
219,6600	0,0207
219,7200	0,0283
219,7800	0,0309
219,8400	0,0309
219,9000	0,0194
219,9600	0,0321
220,0200	0,0118
220,0800	0,0232
220,1400	0,0309
220,2000	0,0372
220,2600	0,0410
220,3200	0,0258
220,3800	0,0347
220,4400	0,0296
220,5000	0,0169
220,5600	0,0423
220,6200	0,0398
220,6800	0,0181
220,7400	0,0410
220,8000	0,0334
220,8600	0,0270
220,9200	0,0207
220,9800	0,0232
221,0400	0,0296
221,1000	0,0105
221,1600	0,0220
221,2200	0,0258
221,2800	0,0321
221,3400	0,0347
221,4000	0,0118
221,4600	0,0385
221,5200	0,0283
221,5800	0,0283
221,6400	0,0181
221,7000	0,0131
221,7600	0,0194
221,8200	0,0423
221,8800	0,0296
221,9400	0,0296
222,0000	0,0131
222,0600	0,0245
222,1200	0,0296
222,1800	0,0092
222,2400	0,0194
222,3000	0,0258
222,3600	0,0309
222,4200	0,0321
222,4800	0,0321
222,5400	0,0283
222,6000	0,0398
222,6600	0,0270
222,7200	0,0169
222,7800	0,0194
222,8400	0,0232
222,9000	0,0181
222,9600	0,0283
223,0200	0,0232
223,0800	0,0334
223,1400	0,0448
223,2000	0,0321
223,2600	0,0321
223,3200	0,0385
223,3800	0,0283
223,4400	0,0423
223,5000	0,0347
223,5600	0,0220
223,6200	0,0245
223,6800	0,0169
223,7400	0,0283
223,8000	0,0283
223,8600	0,0169
223,9200	0,0232
223,9800	0,0169
224,0400	0,0207
224,1000	0,0220
224,1600	0,0232
224,2200	0,0283
224,2800	0,0270
224,3400	0,0359
224,4000	0,0270
224,4600	0,0207
224,5200	0,0258
224,5800	0,0359
224,6400	0,0296
224,7000	0,0245
224,7600	0,0092
224,8200	0,0283
224,8800	0,0169
224,9400	0,0092
225,0000	0,0258
225,0600	0,0207
225,1200	0,0270
225,1800	0,0334
225,2400	0,0194
225,3000	0,0372
225,3600	0,0232
225,4200	0,0321
225,4800	0,0156
225,5400	0,0245
225,6000	0,0296
225,6600	0,0423
225,7200	0,0181
225,7800	0,0156
225,8400	0,0296
225,9000	0,0283
225,9600	0,0309
226,0200	0,0207
226,0800	0,0156
226,1400	0,0194
226,2000	0,0334
226,2600	0,0080
226,3200	0,0207
226,3800	0,0258
226,4400	0,0207
226,5000	0,0270
226,5600	0,0169
226,6200	0,0245
226,6800	0,0181
226,7400	0,0105
226,8000	0,0245
226,8600	0,0207
226,9200	0,0181
226,9800	0,0131
227,0400	0,0194
227,1000	0,0194
227,1600	0,0118
227,2200	0,0194
227,2800	0,0181
227,3400	0,0118
227,4000	0,0118
227,4600	0,0321
227,5200	0,0194
227,5800	0,0220
227,6400	0,0283
227,7000	0,0334
227,7600	0,0270
227,8200	0,0054
227,8800	0,0194
227,9400	0,0181
228,0000	0,0245
228,0600	0,0220
228,1200	0,0181
228,1800	0,0080
228,2400	0,0232
228,3000	0,0143
228,3600	0,0131
228,4200	0,0194
228,4800	0,0207
228,5400	0,0258
228,6000	0,0169
228,6600	0,0143
228,7200	0,0156
228,7800	0,0143
228,8400	0,0169
228,9000	0,0232
228,9600	0,0080
229,0200	0,0181
229,0800	0,0105
229,1400	0,0181
229,2000	0,0143
229,2600	0,0143
229,3200	0,0156
229,3800	0,0181
229,4400	0,0181
229,5000	0,0194
229,5600	0,0156
229,6200	0,0270
229,6800	0,0220
229,7400	0,0207
229,8000	0,0270
229,8600	0,0105
229,9200	0,0156
229,9800	0,0359
230,0400	0,0232
230,1000	0,0207
230,1600	0,0105
230,2200	0,0207
230,2800	0,0169
230,3400	0,0067
230,4000	0,0232
230,4600	0,0321
230,5200	0,0258
230,5800	0,0207
230,6400	0,0156
230,7000	0,0245
230,7600	0,0220
230,8200	0,0347
230,8800	0,0321
230,9400	0,0270
231,0000	0,0296
231,0600	0,0143
231,1200	0,0270
231,1800	0,0194
231,2400	0,0245
231,3000	0,0194
231,3600	0,0245
231,4200	0,0270
231,4800	0,0092
231,5400	0,0245
231,6000	0,0080
231,6600	0,0220
231,7200	0,0067
231,7800	0,0245
231,8400	0,0207
231,9000	0,0156
231,9600	0,0232
232,0200	0,0105
232,0800	0,0245
232,1400	0,0220
232,2000	0,0283
232,2600	0,0080
232,3200	0,0220
232,3800	0,0232
232,4400	0,0131
232,5000	0,0245
232,5600	0,0105
232,6200	0,0220
232,6800	0,0258
232,7400	0,0270
232,8000	0,0156
232,8600	0,0105
232,9200	0,0181
232,9800	0,0207
233,0400	0,0029
233,1000	0,0181
233,1600	0,0283
233,2200	0,0283
233,2800	0,0283
233,3400	0,0169
233,4000	0,0283
233,4600	0,0309
233,5200	0,0092
233,5800	0,0131
233,6400	0,0232
233,7000	0,0232
233,7600	0,0143
233,8200	0,0080
233,8800	0,0156
233,9400	0,0092
234,0000	0,0169
234,0600	0,0245
234,1200	0,0156
234,1800	0,0296
234,2400	0,0105
234,3000	0,0131
234,3600	0,0245
234,4200	0,0296
234,4800	0,0220
234,5400	0,0283
234,6000	0,0092
234,6600	0,0283
234,7200	0,0359
234,7800	0,0321
234,8400	0,0296
234,9000	0,0016
234,9600	0,0143
235,0200	0,0220
235,0800	0,0207
235,1400	0,0131
235,2000	0,0232
235,2600	0,0296
235,3200	0,0118
235,3800	0,0270
235,4400	0,0169
235,5000	0,0118
235,5600	0,0194
235,6200	0,0181
235,6800	0,0258
235,7400	0,0118
235,8000	0,0156
235,8600	0,0181
235,9200	0,0270
235,9800	0,0270
236,0400	0,0321
236,1000	0,0156
236,1600	0,0169
236,2200	0,0156
236,2800	0,0283
236,3400	0,0270
236,4000	0,0029
236,4600	0,0245
236,5200	0,0194
236,5800	0,0169
236,6400	0,0194
236,7000	0,0207
236,7600	0,0309
236,8200	0,0169
236,8800	0,0169
236,9400	0,0232
237,0000	0,0131
237,0600	0,0105
237,1200	0,0194
237,1800	0,0207
237,2400	0,0296
237,3000	0,0232
237,3600	0,0232
237,4200	0,0258
237,4800	0,0232
237,5400	0,0194
237,6000	0,0131
237,6600	0,0258
237,7200	0,0207
237,7800	0,0080
237,8400	0,0270
237,9000	0,0232
237,9600	0,0131
238,0200	0,0220
238,0800	0,0181
238,1400	0,0245
238,2000	0,0067
238,2600	0,0181
238,3200	0,0143
238,3800	0,0054
238,4400	0,0232
238,5000	0,0220
238,5600	0,0194
238,6200	0,0347
238,6800	0,0131
238,7400	0,0143
238,8000	0,0258
238,8600	0,0207
238,9200	0,0169
238,9800	0,0207
239,0400	0,0067
239,1000	0,0232
239,1600	0,0270
239,2200	0,0258
239,2800	0,0156
239,3400	0,0067
239,4000	0,0118
239,4600	0,0283
239,5200	0,0016
239,5800	0,0296
239,6400	0,0169
239,7000	0,0245
239,7600	0,0118
239,8200	0,0232
239,8800	0,0283
239,9400	0,0270
240,0000	0,0169
240,0600	0,0181
240,1200	0,0194
240,1800	0,0169
240,2400	0,0232
240,3000	0,0232
240,3600	0,0131
240,4200	0,0067
240,4800	0,0232
240,5400	0,0169
240,6000	0,0092
240,6600	0,0042
240,7200	0,0092
240,7800	0,0169
240,8400	0,0169
240,9000	0,0245
240,9600	0,0220
241,0200	0,0181
241,0800	0,0092
241,1400	0,0169
241,2000	0,0080
241,2600	0,0296
241,3200	0,0296
241,3800	0,0156
241,4400	0,0220
241,5000	0,0321
241,5600	0,0207
241,6200	0,0220
241,6800	0,0321
241,7400	0,0207
241,8000	0,0232
241,8600	0,0220
241,9200	0,0105
241,9800	0,0232
242,0400	0,0131
242,1000	0,0080
242,1600	0,0220
242,2200	0,0143
242,2800	0,0092
242,3400	0,0143
242,4000	0,0080
242,4600	0,0283
242,5200	0,0309
242,5800	0,0181
242,6400	0,0245
242,7000	0,0220
242,7600	0,0194
242,8200	0,0220
242,8800	0,0220
242,9400	0,0232
243,0000	0,0207
243,0600	0,0232
243,1200	0,0232
243,1800	0,0194
243,2400	0,0169
243,3000	0,0296
243,3600	0,0181
243,4200	0,0270
243,4800	0,0258
243,5400	0,0283
243,6000	0,0194
243,6600	0,0194
243,7200	0,0194
243,7800	0,0181
243,8400	0,0118
243,9000	0,0156
243,9600	0,0385
244,0200	0,0105
244,0800	0,0105
244,1400	0,0258
244,2000	0,0270
244,2600	0,0143
244,3200	0,0321
244,3800	0,0283
244,4400	0,0207
244,5000	0,0258
244,5600	0,0220
244,6200	0,0207
244,6800	0,0270
244,7400	0,0283
244,8000	0,0105
244,8600	0,0092
244,9200	0,0258
244,9800	0,0270
245,0400	0,0321
245,1000	0,0092
245,1600	0,0181
245,2200	0,0131
245,2800	0,0143
245,3400	0,0334
245,4000	0,0207
245,4600	0,0169
245,5200	0,0181
245,5800	0,0105
245,6400	0,0143
245,7000	0,0181
245,7600	0,0207
245,8200	0,0169
245,8800	0,0092
245,9400	0,0169
246,0000	0,0232
246,0600	0,0169
246,1200	0,0207
246,1800	0,0118
246,2400	0,0105
246,3000	0,0334
246,3600	0,0054
246,4200	0,0194
246,4800	0,0232
246,5400	0,0283
246,6000	0,0258
246,6600	0,0054
246,7200	0,0169
246,7800	0,0143
246,8400	0,0105
246,9000	0,0296
246,9600	0,0207
247,0200	0,0220
247,0800	0,0270
247,1400	0,0105
247,2000	0,0131
247,2600	0,0143
247,3200	0,0245
247,3800	0,0220
247,4400	0,0207
247,5000	0,0258
247,5600	0,0105
247,6200	0,0169
247,6800	0,0118
247,7400	0,0270
247,8000	0,0309
247,8600	0,0258
247,9200	0,0131
247,9800	0,0131
248,0400	0,0220
248,1000	0,0080
248,1600	0,0080
248,2200	0,0181
248,2800	0,0169
248,3400	0,0220
248,4000	0,0207
248,4600	0,0207
248,5200	0,0385
248,5800	0,0270
248,6400	0,0270
248,7000	0,0118
248,7600	0,0156
248,8200	0,0207
248,8800	0,0105
248,9400	0,0156
249,0000	0,0181
249,0600	0,0067
249,1200	0,0118
249,1800	0,0003
249,2400	0,0169
249,3000	0,0232
249,3600	0,0207
249,4200	0,0232
249,4800	0,0143
249,5400	0,0194
249,6000	0,0207
249,6600	0,0169
249,7200	0,0080
249,7800	0,0181
249,8400	0,0194
249,9000	0,0169
249,9600	0,0296
250,0200	0,0321
250,0800	0,0143
250,1400	0,0245
250,2000	0,0245
250,2600	0,0220
250,3200	0,0245
250,3800	0,0156
250,4400	0,0220
250,5000	0,0207
250,5600	0,0207
250,6200	0,0258
250,6800	0,0207
250,7400	0,0169
250,8000	0,0270
250,8600	0,0207
250,9200	0,0270
250,9800	0,0143
251,0400	0,0194
251,1000	0,0220
251,1600	0,0232
251,2200	0,0054
251,2800	0,0194
251,3400	0,0131
251,4000	0,0270
251,4600	0,0232
251,5200	0,0321
251,5800	0,0067
251,6400	0,0131
251,7000	0,0232
251,7600	0,0232
251,8200	0,0258
251,8800	0,0207
251,9400	0,0169
252,0000	0,0220
252,0600	0,0232
252,1200	0,0232
252,1800	0,0232
252,2400	0,0169
252,3000	0,0258
252,3600	0,0118
252,4200	0,0181
252,4800	0,0270
252,5400	0,0156
252,6000	0,0283
252,6600	0,0194
252,7200	0,0207
252,7800	0,0245
252,8400	0,0436
252,9000	0,0105
252,9600	0,0220
253,0200	0,0270
253,0800	0,0258
253,1400	0,0220
253,2000	0,0181
253,2600	0,0296
253,3200	0,0181
253,3800	0,0194
253,4400	0,0207
253,5000	0,0321
253,5600	0,0270
253,6200	0,0181
253,6800	0,0054
253,7400	0,0296
253,8000	0,0270
253,8600	0,0131
253,9200	0,0131
253,9800	0,0194
254,0400	0,0156
254,1000	0,0092
254,1600	0,0296
254,2200	0,0156
254,2800	0,0143
254,3400	0,0169
254,4000	0,0207
254,4600	0,0067
254,5200	0,0258
254,5800	0,0181
254,6400	0,0296
254,7000	0,0042
254,7600	0,0220
254,8200	0,0131
254,8800	0,0042
254,9400	0,0105
255,0000	0,0283
255,0600	0,0220
255,1200	0,0181
255,1800	0,0245
255,2400	0,0181
255,3000	0,0105
255,3600	0,0105
255,4200	0,0220
255,4800	0,0042
255,5400	0,0258
255,6000	0,0220
255,6600	0,0181
255,7200	0,0156
255,7800	0,0283
255,8400	0,0194
255,9000	0,0220
255,9600	0,0194
256,0200	0,0156
256,0800	0,0220
256,1400	0,0232
256,2000	0,0232
256,2600	0,0270
256,3200	0,0207
256,3800	0,0283
256,4400	0,0131
256,5000	0,0245
256,5600	0,0080
256,6200	0,0181
256,6800	0,0181
256,7400	0,0169
256,8000	0,0118
256,8600	0,0156
256,9200	0,0296
256,9800	0,0270
257,0400	0,0105
257,1000	0,0283
257,1600	0,0092
257,2200	0,0220
257,2800	0,0232
257,3400	0,0283
257,4000	0,0092
257,4600	0,0156
257,5200	0,0258
257,5800	0,0131
257,6400	0,0232
257,7000	0,0309
257,7600	0,0181
257,8200	0,0194
257,8800	0,0169
257,9400	0,0232
258,0000	0,0080
258,0600	0,0181
258,1200	0,0156
258,1800	0,0194
258,2400	0,0181
258,3000	0,0156
258,3600	0,0169
258,4200	0,0207
258,4800	0,0270
258,5400	0,0283
258,6000	0,0118
258,6600	0,0232
258,7200	0,0169
258,7800	0,0232
258,8400	0,0194
258,9000	0,0169
258,9600	0,0080
259,0200	0,0207
259,0800	0,0181
259,1400	0,0143
259,2000	0,0194
259,2600	0,0207
259,3200	0,0207
259,3800	0,0194
259,4400	0,0105
259,5000	0,0092
259,5600	0,0207
259,6200	0,0092
259,6800	0,0283
259,7400	0,0232
259,8000	0,0283
259,8600	0,0207
259,9200	0,0194
259,9800	0,0143
260,0400	0,0232
260,1000	0,0156
260,1600	0,0258
260,2200	0,0296
260,2800	0,0105
260,3400	0,0181
260,4000	0,0143
260,4600	0,0207
260,5200	0,0080
260,5800	0,0143
260,6400	0,0283
260,7000	0,0194
260,7600	0,0372
260,8200	0,0270
260,8800	0,0270
260,9400	0,0156
261,0000	0,0181
261,0600	0,0194
261,1200	0,0067
261,1800	0,0156
261,2400	0,0118
261,3000	0,0207
261,3600	0,0347
261,4200	0,0245
261,4800	0,0296
261,5400	0,0270
261,6000	0,0283
261,6600	0,0385
261,7200	0,0283
261,7800	0,0220
261,8400	0,0143
261,9000	0,0080
261,9600	0,0245
262,0200	0,0270
262,0800	0,0245
262,1400	0,0220
262,2000	0,0118
262,2600	0,0181
262,3200	0,0042
262,3800	0,0105
262,4400	0,0143
262,5000	0,0258
262,5600	0,0245
262,6200	0,0194
262,6800	0,0245
262,7400	0,0220
262,8000	0,0118
262,8600	0,0258
262,9200	0,0181
262,9800	0,0131
263,0400	0,0131
263,1000	0,0232
263,1600	0,0118
263,2200	0,0080
263,2800	0,0270
263,3400	0,0309
263,4000	0,0232
263,4600	0,0220
263,5200	0,0283
263,5800	0,0169
263,6400	0,0067
263,7000	0,0156
263,7600	0,0169
263,8200	0,0232
263,8800	0,0270
263,9400	0,0080
264,0000	0,0296
264,0600	0,0258
264,1200	0,0143
264,1800	0,0169
264,2400	0,0067
264,3000	0,0258
264,3600	0,0156
264,4200	0,0131
264,4800	0,0169
264,5400	0,0245
264,6000	0,0321
264,6600	0,0207
264,7200	0,0131
264,7800	0,0207
264,8400	0,0220
264,9000	0,0181
264,9600	0,0131
265,0200	0,0309
265,0800	0,0334
265,1400	0,0207
265,2000	0,0092
265,2600	0,0169
265,3200	0,0118
265,3800	0,0169
265,4400	0,0131
265,5000	0,0131
265,5600	0,0131
265,6200	0,0181
265,6800	0,0220
265,7400	0,0245
265,8000	0,0258
265,8600	0,0131
265,9200	0,0207
265,9800	0,0258
266,0400	0,0181
266,1000	0,0156
266,1600	0,0220
266,2200	0,0194
266,2800	0,0181
266,3400	0,0169
266,4000	0,0283
266,4600	0,0029
266,5200	0,0270
266,5800	0,0207
266,6400	0,0181
266,7000	0,0359
266,7600	0,0207
266,8200	0,0092
266,8800	0,0067
266,9400	0,0156
267,0000	0,0270
267,0600	0,0207
267,1200	0,0270
267,1800	0,0118
267,2400	0,0270
267,3000	0,0270
267,3600	0,0258
267,4200	0,0143
267,4800	0,0347
267,5400	0,0220
267,6000	0,0156
267,6600	0,0270
267,7200	0,0105
267,7800	0,0258
267,8400	0,0169
267,9000	0,0309
267,9600	0,0258
268,0200	0,0181
268,0800	0,0067
268,1400	0,0118
268,2000	0,0245
268,2600	0,0296
268,3200	0,0156
268,3800	0,0232
268,4400	0,0181
268,5000	0,0080
268,5600	0,0220
268,6200	0,0232
268,6800	0,0181
268,7400	0,0283
268,8000	0,0131
268,8600	0,0309
268,9200	0,0207
268,9800	0,0232
269,0400	0,0232
269,1000	0,0207
269,1600	0,0207
269,2200	0,0194
269,2800	0,0220
269,3400	0,0105
269,4000	0,0220
269,4600	0,0207
269,5200	0,0270
269,5800	0,0181
269,6400	0,0245
269,7000	0,0245
269,7600	0,0054
269,8200	0,0054
269,8800	0,0143
269,9400	0,0067
270,0000	0,0207
270,0600	0,0169
270,1200	0,0232
270,1800	0,0296
270,2400	0,0169
270,3000	0,0194
270,3600	0,0156
270,4200	0,0283
270,4800	0,0245
270,5400	0,0232
270,6000	0,0194
270,6600	0,0283
270,7200	0,0207
270,7800	0,0359
270,8400	0,0347
270,9000	0,0181
270,9600	0,0092
271,0200	0,0131
271,0800	0,0156
271,1400	0,0156
271,2000	0,0220
271,2600	0,0169
271,3200	0,0118
271,3800	0,0194
271,4400	0,0309
271,5000	0,0232
271,5600	0,0258
271,6200	0,0220
271,6800	0,0220
271,7400	0,0181
271,8000	0,0118
271,8600	0,0181
271,9200	0,0054
271,9800	0,0207
272,0400	0,0181
272,1000	0,0334
272,1600	0,0131
272,2200	0,0232
272,2800	0,0220
272,3400	0,0080
272,4000	0,0258
272,4600	0,0156
272,5200	0,0283
272,5800	0,0232
272,6400	0,0131
272,7000	0,0194
272,7600	0,0207
272,8200	0,0258
272,8800	0,0156
272,9400	0,0156
273,0000	0,0258
273,0600	0,0232
273,1200	0,0347
273,1800	0,0232
273,2400	0,0067
273,3000	0,0334
273,3600	0,0169
273,4200	0,0220
273,4800	0,0105
273,5400	0,0334
273,6000	0,0232
273,6600	0,0054
273,7200	0,0232
273,7800	0,0156
273,8400	0,0232
273,9000	0,0207
273,9600	0,0143
274,0200	0,0296
274,0800	0,0245
274,1400	0,0181
274,2000	0,0169
274,2600	0,0181
274,3200	0,0042
274,3800	0,0334
274,4400	0,0359
274,5000	0,0080
274,5600	0,0067
274,6200	0,0067
274,6800	0,0156
274,7400	0,0131
274,8000	0,0080
274,8600	0,0194
274,9200	0,0181
274,9800	0,0118
275,0400	0,0118
275,1000	0,0067
275,1600	0,0156
275,2200	0,0245
275,2800	0,0131
275,3400	0,0245
275,4000	0,0194
275,4600	0,0385
275,5200	0,0143
275,5800	0,0131
275,6400	0,0181
275,7000	0,0258
275,7600	0,0220
275,8200	0,0296
275,8800	0,0372
275,9400	0,0118
276,0000	0,0169
276,0600	0,0143
276,1200	0,0258
276,1800	0,0194
276,2400	0,0092
276,3000	0,0207
276,3600	0,0181
276,4200	0,0156
276,4800	0,0181
276,5400	0,0067
276,6000	0,0118
276,6600	0,0220
276,7200	0,0194
276,7800	0,0245
276,8400	0,0232
276,9000	0,0131
276,9600	0,0143
277,0200	0,0156
277,0800	0,0092
277,1400	0,0181
277,2000	0,0321
277,2600	0,0092
277,3200	0,0105
277,3800	0,0105
277,4400	0,0169
277,5000	0,0131
277,5600	0,0245
277,6200	0,0207
277,6800	0,0181
277,7400	0,0131
277,8000	0,0207
277,8600	0,0092
277,9200	0,0092
277,9800	0,0118
278,0400	0,0245
278,1000	0,0194
278,1600	0,0270
278,2200	0,0194
278,2800	0,0054
278,3400	0,0156
278,4000	0,0232
278,4600	0,0220
278,5200	0,0118
278,5800	0,0207
278,6400	0,0156
278,7000	0,0245
278,7600	0,0042
278,8200	0,0092
278,8800	0,0105
278,9400	0,0270
279,0000	0,0181
279,0600	0,0207
279,1200	0,0194
279,1800	0,0169
279,2400	0,0194
279,3000	0,0232
279,3600	0,0359
279,4200	0,0232
279,4800	0,0131
279,5400	0,0080
279,6000	0,0169
279,6600	0,0169
279,7200	0,0232
279,7800	0,0156
279,8400	0,0181
279,9000	0,0207
279,9600	0,0131
280,0200	0,0245
280,0800	0,0220
280,1400	0,0067
280,2000	0,0143
280,2600	0,0181
280,3200	0,0359
280,3800	0,0207
280,4400	0,0207
280,5000	0,0181
280,5600	0,0334
280,6200	0,0296
280,6800	0,0181
280,7400	0,0270
280,8000	0,0207
280,8600	0,0232
280,9200	0,0169
280,9800	0,0194
281,0400	0,0092
281,1000	0,0181
281,1600	0,0194
281,2200	0,0181
281,2800	0,0181
281,3400	-0,0009
281,4000	0,0143
281,4600	0,0321
281,5200	0,0283
281,5800	0,0181
281,6400	0,0131
281,7000	0,0232
281,7600	0,0232
281,8200	0,0181
281,8800	0,0194
281,9400	0,0156
282,0000	0,0321
282,0600	0,0232
282,1200	0,0245
282,1800	0,0156
282,2400	0,0131
282,3000	0,0156
282,3600	0,0118
282,4200	0,0131
282,4800	0,0092
282,5400	0,0105
282,6000	0,0232
282,6600	0,0207
282,7200	0,0118
282,7800	0,0245
282,8400	0,0207
282,9000	0,0067
282,9600	0,0054
283,0200	0,0169
283,0800	0,0143
283,1400	0,0143
283,2000	0,0232
283,2600	0,0296
283,3200	0,0220
283,3800	0,0309
283,4400	0,0245
283,5000	0,0143
283,5600	0,0334
283,6200	0,0054
283,6800	0,0194
283,7400	0,0181
283,8000	0,0029
283,8600	0,0131
283,9200	0,0270
283,9800	0,0270
284,0400	0,0181
284,1000	0,0181
284,1600	0,0067
284,2200	0,0220
284,2800	0,0131
284,3400	0,0245
284,4000	0,0321
284,4600	0,0296
284,5200	0,0296
284,5800	0,0258
284,6400	0,0245
284,7000	0,0232
284,7600	0,0245
284,8200	0,0283
284,8800	0,0270
284,9400	0,0131
285,0000	0,0194
285,0600	0,0296
285,1200	0,0169
285,1800	0,0156
285,2400	0,0156
285,3000	0,0270
285,3600	0,0309
285,4200	0,0283
285,4800	0,0232
285,5400	0,0232
285,6000	0,0207
285,6600	0,0169
285,7200	0,0169
285,7800	0,0054
285,8400	0,0131
285,9000	0,0194
285,9600	0,0169
286,0200	0,0156
286,0800	0,0143
286,1400	0,0270
286,2000	0,0169
286,2600	0,0232
286,3200	0,0207
286,3800	0,0131
286,4400	0,0220
286,5000	0,0232
286,5600	0,0169
286,6200	0,0194
286,6800	0,0143
286,7400	0,0194
286,8000	0,0207
286,8600	0,0283
286,9200	0,0156
286,9800	0,0169
287,0400	0,0143
287,1000	0,0245
287,1600	0,0232
287,2200	0,0270
287,2800	0,0220
287,3400	0,0118
287,4000	0,0270
287,4600	0,0258
287,5200	0,0118
287,5800	0,0169
287,6400	0,0194
287,7000	0,0220
287,7600	0,0207
287,8200	0,0220
287,8800	0,0258
287,9400	0,0207
288,0000	0,0156
288,0600	0,0220
288,1200	0,0258
288,1800	0,0258
288,2400	0,0194
288,3000	0,0232
288,3600	0,0156
288,4200	0,0245
288,4800	0,0156
288,5400	0,0270
288,6000	0,0220
288,6600	0,0232
288,7200	0,0296
288,7800	0,0156
288,8400	0,0220
288,9000	0,0143
288,9600	0,0245
289,0200	0,0232
289,0800	0,0283
289,1400	0,0283
289,2000	0,0042
289,2600	0,0258
289,3200	0,0181
289,3800	0,0105
289,4400	0,0207
289,5000	0,0169
289,5600	0,0042
289,6200	0,0283
289,6800	0,0181
289,7400	0,0156
289,8000	0,0207
289,8600	0,0385
289,9200	0,0245
289,9800	0,0105
290,0400	0,0309
290,1000	0,0105
290,1600	0,0156
290,2200	0,0194
290,2800	0,0270
290,3400	0,0232
290,4000	0,0270
290,4600	0,0194
290,5200	0,0067
290,5800	0,0169
290,6400	0,0232
290,7000	0,0207
290,7600	0,0156
290,8200	0,0169
290,8800	0,0283
290,9400	0,0258
291,0000	0,0143
291,0600	0,0270
291,1200	0,0169
291,1800	0,0232
291,2400	0,0232
291,3000	0,0207
291,3600	0,0194
291,4200	0,0169
291,4800	0,0232
291,5400	0,0169
291,6000	0,0181
291,6600	0,0194
291,7200	0,0207
291,7800	0,0258
291,8400	0,0220
291,9000	0,0118
291,9600	0,0156
292,0200	0,0156
292,0800	0,0156
292,1400	0,0181
292,2000	0,0296
292,2600	0,0220
292,3200	0,0067
292,3800	0,0245
292,4400	0,0156
292,5000	0,0194
292,5600	0,0054
292,6200	0,0220
292,6800	0,0232
292,7400	0,0220
292,8000	0,0258
292,8600	0,0270
292,9200	0,0143
292,9800	0,0220
293,0400	0,0169
293,1000	0,0232
293,1600	0,0131
293,2200	0,0258
293,2800	0,0169
293,3400	0,0194
293,4000	0,0181
293,4600	0,0067
293,5200	0,0207
293,5800	0,0181
293,6400	0,0131
293,7000	0,0321
293,7600	0,0181
293,8200	0,0156
293,8800	0,0181
293,9400	0,0245
294,0000	0,0143
294,0600	0,0309
294,1200	0,0194
294,1800	0,0207
294,2400	0,0092
294,3000	0,0283
294,3600	0,0220
294,4200	0,0181
294,4800	0,0194
294,5400	0,0181
294,6000	0,0194
294,6600	0,0258
294,7200	0,0169
294,7800	0,0143
294,8400	0,0131
294,9000	0,0220
294,9600	0,0105
295,0200	0,0143
295,0800	0,0194
295,1400	0,0156
295,2000	0,0092
295,2600	0,0156
295,3200	0,0372
295,3800	0,0321
295,4400	0,0232
295,5000	0,0118
295,5600	0,0092
295,6200	0,0156
295,6800	0,0220
295,7400	0,0207
295,8000	0,0143
295,8600	0,0270
295,9200	0,0169
295,9800	0,0220
296,0400	0,0194
296,1000	0,0296
296,1600	0,0118
296,2200	0,0181
296,2800	0,0207
296,3400	0,0258
296,4000	0,0156
296,4600	0,0105
296,5200	0,0181
296,5800	0,0194
296,6400	0,0270
296,7000	0,0105
296,7600	0,0156
296,8200	0,0156
296,8800	0,0359
296,9400	0,0194
297,0000	0,0258
297,0600	0,0207
297,1200	0,0194
297,1800	0,0169
297,2400	0,0143
297,3000	0,0181
297,3600	0,0156
297,4200	0,0207
297,4800	0,0232
297,5400	0,0194
297,6000	0,0156
297,6600	0,0169
297,7200	0,0118
297,7800	0,0156
297,8400	0,0258
297,9000	0,0143
297,9600	0,0143
298,0200	0,0156
298,0800	0,0169
298,1400	0,0054
298,2000	0,0283
298,2600	0,0080
298,3200	0,0181
298,3800	0,0169
298,4400	0,0220
298,5000	0,0105
298,5600	0,0258
298,6200	0,0194
298,6800	0,0207
298,7400	0,0194
298,8000	0,0220
298,8600	0,0309
298,9200	0,0270
298,9800	0,0118
299,0400	0,0296
299,1000	0,0067
299,1600	0,0194
299,2200	0,0169
299,2800	0,0131
299,3400	0,0296
299,4000	0,0283
299,4600	0,0283
299,5200	0,0143
299,5800	0,0080
299,6400	0,0169
299,7000	0,0169
299,7600	0,0080
299,8200	0,0080
299,8800	0,0194
299,9400	0,0105
300,0000	0,0156
300,0600	0,0194
300,1200	0,0207
300,1800	0,0105
300,2400	0,0131
300,3000	0,0245
300,3600	0,0156
300,4200	0,0220
300,4800	0,0169
300,5400	0,0220
300,6000	0,0156
300,6600	0,0270
300,7200	0,0092
300,7800	0,0067
300,8400	0,0232
300,9000	0,0207
300,9600	0,0347
301,0200	0,0194
301,0800	0,0207
301,1400	0,0169
301,2000	0,0207
301,2600	0,0220
301,3200	0,0207
301,3800	0,0143
301,4400	0,0080
301,5000	0,0232
301,5600	0,0283
301,6200	0,0194
301,6800	0,0296
301,7400	0,0143
301,8000	0,0334
301,8600	0,0207
301,9200	0,0169
301,9800	0,0067
302,0400	0,0181
302,1000	0,0207
302,1600	0,0143
302,2200	0,0283
302,2800	0,0270
302,3400	0,0067
302,4000	0,0131
302,4600	0,0232
302,5200	0,0207
302,5800	0,0207
302,6400	0,0080
302,7000	0,0245
302,7600	0,0169
302,8200	0,0232
302,8800	0,0080
302,9400	0,0143
303,0000	0,0080
303,0600	0,0334
303,1200	0,0232
303,1800	0,0169
303,2400	0,0131
303,3000	0,0143
303,3600	0,0169
303,4200	0,0220
303,4800	0,0118
303,5400	0,0270
303,6000	0,0270
303,6600	0,0156
303,7200	0,0118
303,7800	0,0258
303,8400	0,0105
303,9000	0,0321
303,9600	0,0194
304,0200	0,0270
304,0800	0,0207
304,1400	0,0169
304,2000	0,0207
304,2600	0,0232
304,3200	0,0232
304,3800	0,0143
304,4400	0,0283
304,5000	0,0258
304,5600	0,0080
304,6200	0,0169
304,6800	0,0220
304,7400	0,0131
304,8000	0,0156
304,8600	0,0207
304,9200	0,0131
304,9800	0,0232
305,0400	0,0232
305,1000	0,0245
305,1600	0,0283
305,2200	0,0258
305,2800	0,0220
305,3400	0,0143
305,4000	0,0181
305,4600	0,0245
305,5200	0,0283
305,5800	0,0143
305,6400	0,0194
305,7000	0,0092
305,7600	0,0232
305,8200	0,0347
305,8800	0,0143
305,9400	0,0131
306,0000	0,0207
306,0600	0,0334
306,1200	0,0245
306,1800	0,0207
306,2400	0,0194
306,3000	0,0283
306,3600	0,0156
306,4200	0,0398
306,4800	0,0092
306,5400	0,0169
306,6000	0,0181
306,6600	0,0105
306,7200	0,0181
306,7800	0,0220
306,8400	0,0296
306,9000	0,0207
306,9600	0,0118
307,0200	0,0296
307,0800	0,0067
307,1400	0,0042
307,2000	0,0194
307,2600	0,0283
307,3200	0,0296
307,3800	0,0080
307,4400	0,0270
307,5000	0,0321
307,5600	0,0296
307,6200	0,0156
307,6800	0,0194
307,7400	0,0029
307,8000	0,0181
307,8600	0,0270
307,9200	0,0232
307,9800	0,0169
308,0400	0,0092
308,1000	0,0156
308,1600	0,0220
308,2200	0,0296
308,2800	0,0181
308,3400	0,0283
308,4000	0,0220
308,4600	0,0220
308,5200	0,0181
308,5800	0,0143
308,6400	0,0029
308,7000	0,0143
308,7600	0,0156
308,8200	0,0207
308,8800	0,0207
308,9400	0,0207
309,0000	0,0105
309,0600	0,0245
309,1200	0,0245
309,1800	0,0283
309,2400	0,0194
309,3000	0,0067
309,3600	0,0194
309,4200	0,0131
309,4800	0,0181
309,5400	0,0105
309,6000	0,0207
309,6600	0,0042
309,7200	0,0194
309,7800	0,0220
309,8400	0,0143
309,9000	0,0245
309,9600	0,0220
310,0200	0,0181
310,0800	0,0232
310,1400	0,0232
310,2000	0,0232
310,2600	0,0067
310,3200	0,0105
310,3800	0,0118
310,4400	0,0258
310,5000	0,0194
310,5600	0,0080
310,6200	0,0258
310,6800	0,0054
310,7400	0,0296
310,8000	0,0258
310,8600	0,0092
310,9200	0,0156
310,9800	0,0194
311,0400	0,0220
311,1000	0,0220
311,1600	0,0283
311,2200	0,0258
311,2800	0,0283
311,3400	0,0207
311,4000	0,0143
311,4600	0,0283
311,5200	0,0181
311,5800	0,0194
311,6400	0,0232
311,7000	0,0156
311,7600	0,0156
311,8200	0,0296
311,8800	0,0270
311,9400	0,0194
312,0000	0,0258
312,0600	0,0054
312,1200	0,0232
312,1800	0,0283
312,2400	0,0194
312,3000	0,0258
312,3600	0,0156
312,4200	0,0118
312,4800	0,0220
312,5400	0,0207
312,6000	0,0143
312,6600	0,0131
312,7200	0,0118
312,7800	0,0131
312,8400	0,0118
312,9000	0,0143
312,9600	0,0169
313,0200	0,0220
313,0800	0,0092
313,1400	0,0207
313,2000	0,0143
313,2600	0,0118
313,3200	0,0118
313,3800	0,0181
313,4400	0,0156
313,5000	0,0118
313,5600	0,0143
313,6200	0,0156
313,6800	0,0194
313,7400	0,0258
313,8000	0,0169
313,8600	0,0207
313,9200	0,0232
313,9800	0,0156
314,0400	0,0194
314,1000	0,0067
314,1600	0,0258
314,2200	0,0105
314,2800	0,0181
314,3400	0,0194
314,4000	0,0080
314,4600	0,0131
314,5200	0,0220
314,5800	0,0283
314,6400	0,0092
314,7000	0,0270
314,7600	0,0169
314,8200	0,0220
314,8800	0,0245
314,9400	0,0245
315,0000	0,0181
315,0600	0,0194
315,1200	0,0080
315,1800	0,0283
315,2400	0,0156
315,3000	0,0220
315,3600	0,0169
315,4200	0,0092
315,4800	0,0169
315,5400	0,0169
315,6000	0,0220
315,6600	0,0321
315,7200	0,0143
315,7800	0,0283
315,8400	0,0194
315,9000	0,0118
315,9600	0,0220
316,0200	0,0181
316,0800	0,0309
316,1400	0,0194
316,2000	0,0359
316,2600	0,0181
316,3200	0,0181
316,3800	0,0118
316,4400	0,0080
316,5000	0,0054
316,5600	0,0258
316,6200	0,0156
316,6800	0,0347
316,7400	0,0232
316,8000	0,0067
316,8600	0,0181
316,9200	0,0181
316,9800	0,0283
317,0400	0,0143
317,1000	0,0169
317,1600	0,0232
317,2200	0,0016
317,2800	0,0194
317,3400	0,0270
317,4000	0,0258
317,4600	0,0143
317,5200	0,0309
317,5800	0,0194
317,6400	0,0232
317,7000	0,0016
317,7600	0,0220
317,8200	0,0258
317,8800	0,0143
317,9400	0,0042
318,0000	0,0207
318,0600	0,0207
318,1200	0,0220
318,1800	0,0258
318,2400	0,0207
318,3000	0,0283
318,3600	0,0283
318,4200	0,0169
318,4800	0,0169
318,5400	0,0220
318,6000	0,0169
318,6600	0,0245
318,7200	0,0232
318,7800	0,0258
318,8400	0,0309
318,9000	0,0194
318,9600	0,0220
319,0200	0,0169
319,0800	0,0169
319,1400	0,0169
319,2000	0,0131
319,2600	0,0194
319,3200	0,0258
319,3800	0,0181
319,4400	0,0245
319,5000	0,0156
319,5600	0,0181
319,6200	0,0207
319,6800	0,0232
319,7400	0,0207
319,8000	0,0245
319,8600	0,0181
319,9200	0,0156
319,9800	0,0207
320,0400	0,0270
320,1000	0,0232
320,1600	0,0181
320,2200	0,0181
320,2800	0,0245
320,3400	0,0220
320,4000	0,0232
320,4600	0,0181
320,5200	0,0207
320,5800	0,0194
320,6400	0,0220
320,7000	0,0181
320,7600	0,0143
320,8200	0,0232
320,8800	0,0143
320,9400	0,0194
321,0000	0,0156
321,0600	0,0207
321,1200	0,0181
321,1800	0,0258
321,2400	0,0220
321,3000	0,0207
321,3600	0,0131
321,4200	0,0143
321,4800	0,0181
321,5400	0,0232
321,6000	0,0232
321,6600	0,0232
321,7200	0,0296
321,7800	0,0207
321,8400	0,0080
321,9000	0,0181
321,9600	0,0156
322,0200	0,0258
322,0800	0,0321
322,1400	0,0181
322,2000	0,0143
322,2600	0,0347
322,3200	0,0270
322,3800	0,0156
322,4400	0,0207
322,5000	0,0131
322,5600	0,0321
322,6200	0,0245
322,6800	0,0092
322,7400	0,0105
322,8000	0,0194
322,8600	0,0118
322,9200	0,0283
322,9800	0,0232
323,0400	0,0143
323,1000	0,0131
323,1600	0,0169
323,2200	0,0169
323,2800	0,0207
323,3400	0,0232
323,4000	0,0270
323,4600	0,0220
323,5200	0,0207
323,5800	0,0131
323,6400	0,0321
323,7000	0,0105
323,7600	0,0258
323,8200	0,0220
323,8800	0,0080
323,9400	0,0156
324,0000	0,0143
324,0600	0,0105
324,1200	0,0169
324,1800	0,0156
324,2400	0,0283
324,3000	0,0143
324,3600	0,0169
324,4200	0,0207
324,4800	0,0118
324,5400	0,0207
324,6000	0,0283
324,6600	0,0156
324,7200	0,0118
324,7800	0,0181
324,8400	0,0105
324,9000	0,0232
324,9600	0,0207
325,0200	0,0258
325,0800	0,0131
325,1400	0,0245
325,2000	0,0118
325,2600	0,0131
325,3200	0,0207
325,3800	0,0220
325,4400	0,0131
325,5000	0,0194
325,5600	0,0207
325,6200	0,0270
325,6800	0,0131
325,7400	0,0207
325,8000	0,0220
325,8600	0,0270
325,9200	0,0232
325,9800	0,0143
326,0400	0,0156
326,1000	0,0232
326,1600	0,0207
326,2200	0,0143
326,2800	0,0194
326,3400	0,0156
326,4000	0,0169
326,4600	0,0105
326,5200	0,0194
326,5800	0,0067
326,6400	0,0169
326,7000	0,0220
326,7600	0,0156
326,8200	0,0042
326,8800	0,0181
326,9400	0,0105
327,0000	0,0143
327,0600	0,0309
327,1200	0,0194
327,1800	0,0143
327,2400	0,0258
327,3000	0,0232
327,3600	0,0181
327,4200	0,0207
327,4800	0,0143
327,5400	0,0131
327,6000	0,0194
327,6600	0,0220
327,7200	0,0080
327,7800	0,0131
327,8400	0,0181
327,9000	0,0296
327,9600	0,0169
328,0200	0,0232
328,0800	0,0245
328,1400	0,0245
328,2000	0,0131
328,2600	0,0194
328,3200	0,0143
328,3800	0,0194
328,4400	0,0194
328,5000	0,0105
328,5600	0,0194
328,6200	0,0181
328,6800	0,0143
328,7400	0,0245
328,8000	0,0131
328,8600	0,0207
328,9200	0,0270
328,9800	0,0258
329,0400	0,0181
329,1000	0,0105
329,1600	0,0334
329,2200	0,0194
329,2800	0,0194
329,3400	0,0258
329,4000	0,0207
329,4600	0,0258
329,5200	0,0220
329,5800	0,0181
329,6400	0,0283
329,7000	0,0131
329,7600	0,0156
329,8200	0,0118
329,8800	0,0232
329,9400	0,0270
330,0000	0,0321
330,0600	0,0156
330,1200	0,0169
330,1800	0,0220
330,2400	0,0194
330,3000	0,0232
330,3600	0,0105
330,4200	0,0067
330,4800	0,0156
330,5400	0,0092
330,6000	0,0156
330,6600	0,0194
330,7200	0,0131
330,7800	0,0169
330,8400	0,0080
330,9000	0,0207
330,9600	0,0283
331,0200	0,0169
331,0800	0,0156
331,1400	0,0245
331,2000	0,0359
331,2600	0,0207
331,3200	0,0270
331,3800	0,0131
331,4400	0,0156
331,5000	0,0258
331,5600	0,0080
331,6200	0,0245
331,6800	0,0181
331,7400	0,0080
331,8000	0,0156
331,8600	0,0131
331,9200	0,0105
331,9800	0,0194
332,0400	0,0283
332,1000	0,0194
332,1600	0,0143
332,2200	0,0143
332,2800	0,0270
332,3400	0,0232
332,4000	0,0245
332,4600	0,0245
332,5200	0,0143
332,5800	0,0258
332,6400	0,0194
332,7000	0,0245
332,7600	0,0169
332,8200	0,0220
332,8800	0,0245
332,9400	0,0220
333,0000	0,0181
333,0600	0,0169
333,1200	0,0207
333,1800	0,0105
333,2400	0,0207
333,3000	0,0207
333,3600	0,0194
333,4200	0,0334
333,4800	0,0207
333,5400	0,0359
333,6000	0,0296
333,6600	0,0258
333,7200	0,0169
333,7800	0,0105
333,8400	0,0194
333,9000	0,0131
333,9600	0,0156
334,0200	0,0156
334,0800	0,0131
334,1400	0,0105
334,2000	0,0283
334,2600	0,0105
334,3200	0,0181
334,3800	0,0245
334,4400	0,0296
334,5000	0,0207
334,5600	0,0283
334,6200	0,0258
334,6800	0,0080
334,7400	0,0092
334,8000	0,0169
334,8600	0,0194
334,9200	0,0156
334,9800	0,0220
335,0400	0,0169
335,1000	0,0232
335,1600	0,0194
335,2200	0,0220
335,2800	0,0207
335,3400	0,0232
335,4000	0,0207
335,4600	0,0258
335,5200	0,0080
335,5800	0,0143
335,6400	0,0245
335,7000	0,0207
335,7600	0,0270
335,8200	0,0118
335,8800	0,0131
335,9400	0,0194
336,0000	0,0131
336,0600	0,0143
336,1200	0,0080
336,1800	0,0181
336,2400	0,0105
336,3000	0,0220
336,3600	0,0143
336,4200	0,0169
336,4800	0,0092
336,5400	0,0143
336,6000	0,0181
336,6600	0,0207
336,7200	0,0156
336,7800	0,0169
336,8400	0,0194
336,9000	0,0220
336,9600	0,0080
337,0200	0,0220
337,0800	0,0067
337,1400	0,0181
337,2000	0,0080
337,2600	0,0245
337,3200	0,0296
337,3800	0,0283
337,4400	0,0156
337,5000	0,0245
337,5600	0,0258
337,6200	0,0321
337,6800	0,0054
337,7400	0,0169
337,8000	0,0181
337,8600	0,0207
337,9200	0,0347
337,9800	0,0194
338,0400	0,0105
338,1000	0,0169
338,1600	0,0105
338,2200	0,0372
338,2800	0,0270
338,3400	0,0194
338,4000	0,0321
338,4600	0,0309
338,5200	0,0232
338,5800	0,0169
338,6400	0,0156
338,7000	0,0232
338,7600	0,0258
338,8200	0,0207
338,8800	0,0156
338,9400	0,0270
339,0000	0,0270
339,0600	0,0143
339,1200	0,0105
339,1800	0,0131
339,2400	0,0207
339,3000	0,0080
339,3600	0,0309
339,4200	0,0092
339,4800	0,0131
339,5400	0,0321
339,6000	0,0220
339,6600	0,0220
339,7200	0,0143
339,7800	0,0181
339,8400	0,0232
339,9000	0,0321
339,9600	0,0220
340,0200	0,0118
340,0800	0,0207
340,1400	0,0131
340,2000	0,0143
340,2600	0,0194
340,3200	0,0296
340,3800	0,0207
340,4400	0,0016
340,5000	0,0220
340,5600	0,0143
340,6200	0,0296
